time,left_s0,left_s1,left_e0,left_e1,left_w0,left_w1,left_w2,left_gripper,right_s0,right_s1,right_e0,right_e1,right_w0,right_w1,right_w2,right_gripper
1.042346,-0.6070728961120606,0.23354857468872073,-0.028378644543457034,1.1443496664550783,3.0595246779418948,1.660917696185303,3.0587576875488285,100.0,0.659995233234,0.144577689093,-0.344762181683,0.554534054187,2.90996155129,0.785781657697,3.06067516353,95.8609237671
1.062996,-0.6070728961120606,0.23354857468872073,-0.028378644543457034,1.1443496664550783,3.0595246779418948,1.660917696185303,3.0587576875488285,100.0,0.659611738037,0.148029145862,-0.342461210504,0.53650977995,2.90996155129,0.777344763373,3.06067516353,95.8609237671
1.082376,-0.6070728961120606,0.23354857468872073,-0.028378644543457034,1.1443496664550783,3.0595246779418948,1.660917696185303,3.0587576875488285,100.0,0.66037872843,0.152247593024,-0.339776744128,0.519635991302,2.91072854169,0.770825345032,3.06067516353,95.8609237671
1.102680,-0.6070728961120606,0.23354857468872073,-0.028378644543457034,1.1443496664550783,3.0595246779418948,1.660917696185303,3.0587576875488285,100.0,0.661145718823,0.156466040186,-0.337859268146,0.500844726672,2.90996155129,0.767757383459,3.06105865873,95.8609237671
1.123041,-0.6070728961120606,0.23354857468872073,-0.028378644543457034,1.1443496664550783,3.0595246779418948,1.660917696185303,3.0587576875488285,100.0,0.660762223627,0.161067982544,-0.33632528736,0.484354433221,2.91034504649,0.766223402673,3.06029166833,95.8609237671
1.143296,-0.6070728961120606,0.23354857468872073,-0.028378644543457034,1.1443496664550783,3.0595246779418948,1.660917696185303,3.0587576875488285,100.0,0.661145718823,0.166436915295,-0.334791306573,0.467864139771,2.9095780561,0.767757383459,3.06029166833,95.8609237671
1.162752,-0.6070728961120606,0.23354857468872073,-0.028378644543457034,1.1443496664550783,3.0595246779418948,1.660917696185303,3.0587576875488285,100.0,0.661912709216,0.171038857654,-0.333640820984,0.452140836713,2.91034504649,0.770825345032,3.06029166833,95.8609237671
1.182912,-0.6070728961120606,0.23354857468872073,-0.028378644543457034,1.1443496664550783,3.0595246779418948,1.660917696185303,3.0587576875488285,100.0,0.662296204413,0.176024295209,-0.331339849805,0.436801028851,2.91072854169,0.773893306604,3.05990817314,95.8609237671
1.203216,-0.6070728961120606,0.23354857468872073,-0.028378644543457034,1.1443496664550783,3.0595246779418948,1.660917696185303,3.0587576875488285,100.0,0.662296204413,0.18139322796,-0.331723345001,0.421844716187,2.90996155129,0.778878744159,3.05837419235,95.8609237671
1.222490,-0.6070728961120606,0.23354857468872073,-0.028378644543457034,1.1443496664550783,3.0595246779418948,1.660917696185303,3.0587576875488285,100.0,0.662679699609,0.185611675122,-0.330956354608,0.406888403522,2.91072854169,0.785781657697,3.05530623078,95.8609237671
1.242995,-0.6070728961120606,0.23354857468872073,-0.028378644543457034,1.1443496664550783,3.0595246779418948,1.660917696185303,3.0587576875488285,100.0,0.663063194806,0.192131093463,-0.330572859412,0.39384956684,2.90996155129,0.793835056824,3.05185477401,95.8609237671
1.262476,-0.6070728961120606,0.23354857468872073,-0.028378644543457034,1.1443496664550783,3.0595246779418948,1.660917696185303,3.0587576875488285,100.0,0.662679699609,0.195582550232,-0.330572859412,0.382344710944,2.91111203688,0.804956417523,3.05070428842,95.8609237671
1.282867,-0.6070728961120606,0.23354857468872073,-0.028378644543457034,1.1443496664550783,3.0595246779418948,1.660917696185303,3.0587576875488285,100.0,0.663446690002,0.200951482983,-0.330572859412,0.371606845441,2.9095780561,0.817995254205,3.05108778362,95.8609237671
1.303010,-0.6070728961120606,0.23354857468872073,-0.028378644543457034,1.1443496664550783,3.0595246779418948,1.660917696185303,3.0587576875488285,100.0,0.661912709216,0.205936920538,-0.329805869019,0.362402960724,2.90996155129,0.835252538049,3.05108778362,95.8609237671
1.323205,-0.6070728961120606,0.23354857468872073,-0.028378644543457034,1.1443496664550783,3.0595246779418948,1.660917696185303,3.0587576875488285,100.0,0.662296204413,0.2101553677,-0.330956354608,0.356650532776,2.91034504649,0.855194288269,3.05108778362,95.8609237671
1.342394,-0.6070728961120606,0.23354857468872073,-0.028378644543457034,1.1443496664550783,3.0595246779418948,1.660917696185303,3.0587576875488285,100.0,0.66037872843,0.212456338879,-0.330956354608,0.350131114435,2.91034504649,0.878970990454,3.04993729803,95.8609237671
1.362943,-0.6070728961120606,0.23354857468872073,-0.028378644543457034,1.1443496664550783,3.0595246779418948,1.660917696185303,3.0587576875488285,100.0,0.659611738037,0.216291290845,-0.331339849805,0.347830143256,2.90996155129,0.907349634998,3.04686933646,95.8609237671
1.383074,-0.6070728961120606,0.23354857468872073,-0.028378644543457034,1.1443496664550783,3.0595246779418948,1.660917696185303,3.0587576875488285,100.0,0.658461252448,0.219359252417,-0.331339849805,0.347830143256,2.91034504649,0.941480707489,3.04495186047,95.8609237671
1.403204,-0.6070728961120606,0.23354857468872073,-0.028378644543457034,1.1443496664550783,3.0595246779418948,1.660917696185303,3.0587576875488285,100.0,0.656543776465,0.220509738007,-0.332106840198,0.348980628845,2.90996155129,0.978296246356,3.04073341331,95.8609237671
1.422355,-0.6070728961120606,0.23354857468872073,-0.028378644543457034,1.1443496664550783,3.0595246779418948,1.660917696185303,3.0587576875488285,100.0,0.654626300482,0.222427213989,-0.332106840198,0.351281600024,2.9095780561,1.01856324199,3.03766545174,95.8609237671
1.442624,-0.6070728961120606,0.23354857468872073,-0.028378644543457034,1.1443496664550783,3.0595246779418948,1.660917696185303,3.0587576875488285,100.0,0.651941834106,0.225111680365,-0.332106840198,0.355883542383,2.90996155129,1.06266518959,3.03498098536,95.8609237671
1.463027,-0.6070728961120606,0.23354857468872073,-0.028378644543457034,1.1443496664550783,3.0595246779418948,1.660917696185303,3.0587576875488285,100.0,0.650791348517,0.227412651544,-0.332490335394,0.360485484741,2.9095780561,1.10983509877,3.0311460334,95.8609237671
1.483040,-0.6070728961120606,0.23354857468872073,-0.028378644543457034,1.1443496664550783,3.0595246779418948,1.660917696185303,3.0587576875488285,100.0,0.648490377338,0.228563137134,-0.332106840198,0.367004903082,2.90996155129,1.15738850314,3.02961205261,95.8609237671
1.502207,-0.6070728961120606,0.23354857468872073,-0.028378644543457034,1.1443496664550783,3.0595246779418948,1.660917696185303,3.0587576875488285,100.0,0.646572901355,0.230480613116,-0.332490335394,0.37390781662,2.91034504649,1.2060923931,3.02961205261,95.8609237671
1.522266,-0.6070728961120606,0.23354857468872073,-0.028378644543457034,1.1443496664550783,3.0595246779418948,1.660917696185303,3.0587576875488285,100.0,0.644655425372,0.231631098706,-0.332873830591,0.382344710944,2.90996155129,1.25479628306,3.02999554781,95.8609237671
1.542476,-0.6070728961120606,0.23354857468872073,-0.028378644543457034,1.1443496664550783,3.0595246779418948,1.660917696185303,3.0587576875488285,100.0,0.643504939783,0.232398089099,-0.332873830591,0.39269908125,2.91034504649,1.30196619223,3.02961205261,95.8609237671
1.562720,-0.6070728961120606,0.23354857468872073,-0.028378644543457034,1.1443496664550783,3.0595246779418948,1.660917696185303,3.0587576875488285,100.0,0.642354454193,0.232014593903,-0.33402431618,0.404970927539,2.90996155129,1.34530114944,3.02961205261,95.8609237671
1.582990,-0.6070728961120606,0.23354857468872073,-0.028378644543457034,1.1443496664550783,3.0595246779418948,1.660917696185303,3.0587576875488285,100.0,0.641203968604,0.231631098706,-0.335558296967,0.418393259418,2.9095780561,1.38595164027,3.0311460334,95.8609237671
1.602498,-0.6070728961120606,0.23354857468872073,-0.028378644543457034,1.1443496664550783,3.0595246779418948,1.660917696185303,3.0587576875488285,100.0,0.640820473407,0.230480613116,-0.336708782556,0.432966076886,2.90996155129,1.42276717914,3.03152952859,95.8609237671
1.622740,-0.6070728961120606,0.23354857468872073,-0.028378644543457034,1.1443496664550783,3.0595246779418948,1.660917696185303,3.0587576875488285,100.0,0.64043697821,0.228563137134,-0.339009753735,0.447922389551,2.90996155129,1.45574776604,3.0311460334,95.8609237671
1.643134,-0.6070728961120606,0.23354857468872073,-0.028378644543457034,1.1443496664550783,3.0595246779418948,1.660917696185303,3.0587576875488285,100.0,0.640820473407,0.227029156348,-0.342461210504,0.462495207019,2.91034504649,1.48412641058,3.03152952859,95.8609237671
1.662633,-0.6070728961120606,0.23354857468872073,-0.028378644543457034,1.1443496664550783,3.0595246779418948,1.660917696185303,3.0587576875488285,100.0,0.640820473407,0.225878670758,-0.345912667273,0.480902976453,2.91072854169,1.50982058875,3.0311460334,95.8609237671
1.682860,-0.6070728961120606,0.23354857468872073,-0.028378644543457034,1.1443496664550783,3.0595246779418948,1.660917696185303,3.0587576875488285,100.0,0.64043697821,0.2212767284,-0.350898104828,0.498160260297,2.91072854169,1.53091282456,3.03191302379,95.8609237671
1.703191,-0.6070728961120606,0.23354857468872073,-0.028378644543457034,1.1443496664550783,3.0595246779418948,1.660917696185303,3.0587576875488285,100.0,0.640820473407,0.217058281238,-0.35511655199,0.518102010516,2.91072854169,1.5481701084,3.03152952859,95.8609237671
1.722273,-0.6070728961120606,0.23354857468872073,-0.028378644543457034,1.1443496664550783,3.0595246779418948,1.660917696185303,3.0587576875488285,100.0,0.6415874638,0.213223329272,-0.359718494348,0.53766026554,2.91072854169,1.56197593548,3.03229651899,95.8609237671
1.742618,-0.6070728961120606,0.23354857468872073,-0.028378644543457034,1.1443496664550783,3.0595246779418948,1.660917696185303,3.0587576875488285,100.0,0.642354454193,0.208237891718,-0.36393694151,0.559135996545,2.90996155129,1.5711798202,3.03344700458,95.8609237671
1.763130,-0.6070728961120606,0.23354857468872073,-0.028378644543457034,1.1443496664550783,3.0595246779418948,1.660917696185303,3.0587576875488285,100.0,0.643888434979,0.202868958966,-0.367771893475,0.581762213141,2.91111203688,1.57578176255,3.03689846135,95.8609237671
1.782427,-0.6070728961120606,0.23354857468872073,-0.028378644543457034,1.1443496664550783,3.0595246779418948,1.660917696185303,3.0587576875488285,100.0,0.644271930176,0.195199055035,-0.371990340637,0.60400493454,2.91072854169,1.57693224814,3.03881593733,95.8609237671
1.802659,-0.6070728961120606,0.23354857468872073,-0.028378644543457034,1.1443496664550783,3.0595246779418948,1.660917696185303,3.0587576875488285,100.0,0.645805910962,0.189446627087,-0.375441797406,0.626631151135,2.91072854169,1.57386428657,3.03881593733,95.8609237671
1.822743,-0.6070728961120606,0.23354857468872073,-0.028378644543457034,1.1443496664550783,3.0595246779418948,1.660917696185303,3.0587576875488285,100.0,0.646572901355,0.182160218353,-0.377359273389,0.648873872534,2.90996155129,1.56926234421,3.03919943253,95.8609237671
1.842971,-0.6070728961120606,0.23354857468872073,-0.028378644543457034,1.1443496664550783,3.0595246779418948,1.660917696185303,3.0587576875488285,100.0,0.648106882141,0.176407790405,-0.378509758978,0.671883584326,2.91072854169,1.56082544989,3.03881593733,95.8609237671
1.863190,-0.6070728961120606,0.23354857468872073,-0.028378644543457034,1.1443496664550783,3.0595246779418948,1.660917696185303,3.0587576875488285,100.0,0.648490377338,0.169504876868,-0.378509758978,0.693359315332,2.91187902728,1.54932059399,3.03958292772,95.8609237671
1.883220,-0.6070728961120606,0.23354857468872073,-0.028378644543457034,1.1443496664550783,3.0595246779418948,1.660917696185303,3.0587576875488285,100.0,0.650024358124,0.163368953723,-0.378509758978,0.714451551141,2.91226252247,1.5374322429,3.03919943253,95.8609237671
1.902406,-0.6070728961120606,0.23354857468872073,-0.028378644543457034,1.1443496664550783,3.0595246779418948,1.660917696185303,3.0587576875488285,100.0,0.65155833891,0.154932059399,-0.378126263782,0.734009806165,2.91187902728,1.52094194945,3.03919943253,95.8609237671
1.922551,-0.6070728961120606,0.23354857468872073,-0.028378644543457034,1.1443496664550783,3.0595246779418948,1.660917696185303,3.0587576875488285,100.0,0.652325329303,0.149946621844,-0.378126263782,0.753951556384,2.91149553208,1.50100019923,3.03919943253,95.8609237671
1.942954,-0.6070728961120606,0.23354857468872073,-0.028378644543457034,1.1443496664550783,3.0595246779418948,1.660917696185303,3.0587576875488285,100.0,0.653092319696,0.1438106987,-0.378126263782,0.770058354639,2.91111203688,1.47837398264,3.03919943253,95.8609237671
1.962271,-0.6070728961120606,0.23354857468872073,-0.028378644543457034,1.1443496664550783,3.0595246779418948,1.660917696185303,3.0587576875488285,100.0,0.654626300482,0.137674775555,-0.377742768585,0.785014667303,2.91072854169,1.45383029006,3.03919943253,95.8609237671
1.982540,-0.6070728961120606,0.23354857468872073,-0.028378644543457034,1.1443496664550783,3.0595246779418948,1.660917696185303,3.0587576875488285,100.0,0.656160281268,0.131922347607,-0.376975778192,0.797286513593,2.91034504649,1.4269856263,3.03919943253,95.8609237671
2.003176,-0.6070728961120606,0.23354857468872073,-0.028378644543457034,1.1443496664550783,3.0595246779418948,1.660917696185303,3.0587576875488285,100.0,0.656543776465,0.126936910052,-0.376975778192,0.808791369489,2.91034504649,1.39745649617,3.03919943253,95.8609237671
2.022305,-0.6070728961120606,0.23354857468872073,-0.028378644543457034,1.1443496664550783,3.0595246779418948,1.660917696185303,3.0587576875488285,100.0,0.657694262054,0.121567977301,-0.376975778192,0.817228263812,2.91034504649,1.36677688044,3.03881593733,95.8609237671
2.042531,-0.6070728961120606,0.23354857468872073,-0.028378644543457034,1.1443496664550783,3.0595246779418948,1.660917696185303,3.0587576875488285,100.0,0.658461252448,0.117349530139,-0.376592282996,0.822597196564,2.91034504649,1.33341279835,3.03919943253,95.8609237671
2.063202,-0.6070728961120606,0.23354857468872073,-0.028378644543457034,1.1443496664550783,3.0595246779418948,1.660917696185303,3.0587576875488285,100.0,0.659611738037,0.113514578174,-0.376208787799,0.824898167743,2.9095780561,1.29698075468,3.03919943253,95.8609237671
2.082427,-0.6070728961120606,0.23354857468872073,-0.028378644543457034,1.1443496664550783,3.0595246779418948,1.660917696185303,3.0587576875488285,100.0,0.659611738037,0.110063121405,-0.376208787799,0.825281662939,2.9095780561,1.25939822542,3.03919943253,95.8609237671
2.103033,-0.6070728961120606,0.23354857468872073,-0.028378644543457034,1.1443496664550783,3.0595246779418948,1.660917696185303,3.0587576875488285,100.0,0.66037872843,0.107378655029,-0.376208787799,0.822213701367,2.9095780561,1.22143220096,3.03958292772,95.8609237671
2.123070,-0.6070728961120606,0.23354857468872073,-0.028378644543457034,1.1443496664550783,3.0595246779418948,1.660917696185303,3.0587576875488285,100.0,0.661145718823,0.10392719826,-0.375441797406,0.819529234991,2.9095780561,1.18231569091,3.03919943253,95.8609237671
2.142376,-0.6070728961120606,0.23354857468872073,-0.028378644543457034,1.1443496664550783,3.0595246779418948,1.660917696185303,3.0587576875488285,100.0,0.660762223627,0.100859236688,-0.374291311816,0.81416030224,2.9091945609,1.14013121929,3.03919943253,95.8609237671
2.162553,-0.6070728961120606,0.23354857468872073,-0.028378644543457034,1.1443496664550783,3.0595246779418948,1.660917696185303,3.0587576875488285,100.0,0.662679699609,0.098558265509,-0.37275733103,0.80418942713,2.9088110657,1.09602927169,3.03881593733,95.8609237671
2.182653,-0.6070728961120606,0.23354857468872073,-0.028378644543457034,1.1443496664550783,3.0595246779418948,1.660917696185303,3.0587576875488285,100.0,0.662679699609,0.0974077799194,-0.371990340637,0.79536903761,2.90996155129,1.05192732409,3.03919943253,95.8609237671
2.202925,-0.6070728961120606,0.23354857468872073,-0.028378644543457034,1.1443496664550783,3.0595246779418948,1.660917696185303,3.0587576875488285,100.0,0.664213680396,0.0947233135437,-0.368922379065,0.785014667303,2.91034504649,1.00782537649,3.03996642292,95.8609237671
2.222906,-0.6070728961120606,0.23354857468872073,-0.028378644543457034,1.1443496664550783,3.0595246779418948,1.660917696185303,3.0587576875488285,100.0,0.665364165985,0.0943398183472,-0.367004903082,0.771592335425,2.91072854169,0.962189448102,3.03996642292,95.8609237671
2.243167,-0.6070728961120606,0.23354857468872073,-0.028378644543457034,1.1443496664550783,3.0595246779418948,1.660917696185303,3.0587576875488285,100.0,0.665747661182,0.0939563231506,-0.3650874271,0.757403013153,2.91034504649,0.916170024518,3.04073341331,95.8609237671
2.262746,-0.6070728961120606,0.23354857468872073,-0.028378644543457034,1.1443496664550783,3.0595246779418948,1.660917696185303,3.0587576875488285,100.0,0.665747661182,0.0931893327576,-0.362402960724,0.740529224506,2.91034504649,0.87053409613,3.0422673941,95.8609237671
2.282916,-0.6070728961120606,0.23354857468872073,-0.028378644543457034,1.1443496664550783,3.0595246779418948,1.660917696185303,3.0587576875488285,100.0,0.666514651575,0.0935728279541,-0.359334999152,0.723271940662,2.91111203688,0.827966129315,3.0422673941,95.8609237671
2.303217,-0.6070728961120606,0.23354857468872073,-0.028378644543457034,1.1443496664550783,3.0595246779418948,1.660917696185303,3.0587576875488285,100.0,0.666514651575,0.0943398183472,-0.355500047186,0.703713685638,2.91072854169,0.78654864809,3.04456836528,95.8609237671
2.322547,-0.6070728961120606,0.23354857468872073,-0.028378644543457034,1.1443496664550783,3.0595246779418948,1.660917696185303,3.0587576875488285,100.0,0.668432127557,0.0947233135437,-0.350898104828,0.684538925812,2.91111203688,0.74666514765,3.04533535567,95.8609237671
2.342848,-0.6070728961120606,0.23354857468872073,-0.028378644543457034,1.1443496664550783,3.0595246779418948,1.660917696185303,3.0587576875488285,100.0,0.667665137164,0.0962572943298,-0.346296162469,0.664980670789,2.91072854169,0.711000094373,3.04763632685,95.8609237671
2.363179,-0.6070728961120606,0.23354857468872073,-0.028378644543457034,1.1443496664550783,3.0595246779418948,1.660917696185303,3.0587576875488285,100.0,0.667665137164,0.0966407895264,-0.341310724915,0.645038920569,2.91111203688,0.678403002667,3.05108778362,95.8609237671
2.382252,-0.6070728961120606,0.23354857468872073,-0.028378644543457034,1.1443496664550783,3.0595246779418948,1.660917696185303,3.0587576875488285,100.0,0.668815622754,0.0981747703125,-0.335941792163,0.625097170349,2.91149553208,0.649640862927,3.05453924039,95.8609237671
2.402428,-0.6070728961120606,0.23354857468872073,-0.028378644543457034,1.1443496664550783,3.0595246779418948,1.660917696185303,3.0587576875488285,100.0,0.668048632361,0.098558265509,-0.330189364215,0.605538915326,2.91072854169,0.625097170349,3.05722370676,95.8609237671
2.422489,-0.6070728961120606,0.23354857468872073,-0.028378644543457034,1.1443496664550783,3.0595246779418948,1.660917696185303,3.0587576875488285,100.0,0.668048632361,0.100859236688,-0.323669945874,0.58521366991,2.91149553208,0.605155420129,3.06029166833,95.8609237671
2.442750,-0.6070728961120606,0.23354857468872073,-0.028378644543457034,1.1443496664550783,3.0595246779418948,1.660917696185303,3.0587576875488285,100.0,0.668048632361,0.103160207867,-0.319068003516,0.56527191969,2.91149553208,0.590582602661,3.06105865873,95.8609237671
2.462289,-0.6070728961120606,0.23354857468872073,-0.028378644543457034,1.1443496664550783,3.0595246779418948,1.660917696185303,3.0587576875488285,100.0,0.668815622754,0.105461179047,-0.312165089978,0.545713664667,2.91111203688,0.578310756372,3.06067516353,95.8609237671
2.482439,-0.6070728961120606,0.23354857468872073,-0.028378644543457034,1.1443496664550783,3.0595246779418948,1.660917696185303,3.0587576875488285,100.0,0.668815622754,0.108145645422,-0.306796157227,0.526922400037,2.91187902728,0.570257357245,3.06067516353,95.8609237671
2.502445,-0.6070728961120606,0.23354857468872073,-0.028378644543457034,1.1443496664550783,3.0595246779418948,1.660917696185303,3.0587576875488285,100.0,0.668815622754,0.111597102191,-0.300276738885,0.507364145013,2.91187902728,0.566805900476,3.06067516353,95.8609237671
2.522560,-0.6070728961120606,0.23354857468872073,-0.028378644543457034,1.1443496664550783,3.0595246779418948,1.660917696185303,3.0587576875488285,100.0,0.668815622754,0.115432054156,-0.295674796527,0.488189385187,2.91149553208,0.567189395673,3.06067516353,95.8609237671
2.542967,-0.6070728961120606,0.23354857468872073,-0.028378644543457034,1.1443496664550783,3.0595246779418948,1.660917696185303,3.0587576875488285,100.0,0.668815622754,0.119650501318,-0.291072854169,0.46901462536,2.91187902728,0.569106871655,3.06067516353,95.8609237671
2.562332,-0.6070728961120606,0.23354857468872073,-0.028378644543457034,1.1443496664550783,3.0595246779418948,1.660917696185303,3.0587576875488285,100.0,0.668432127557,0.124252443677,-0.285703921417,0.450606855927,2.91226252247,0.572558328424,3.05990817314,95.8609237671
2.582731,-0.6070728961120606,0.23354857468872073,-0.028378644543457034,1.1443496664550783,3.0595246779418948,1.660917696185303,3.0587576875488285,100.0,0.668432127557,0.128854386035,-0.281101979059,0.431815591296,2.91149553208,0.577543765979,3.05760720196,95.8609237671
2.603110,-0.6070728961120606,0.23354857468872073,-0.028378644543457034,1.1443496664550783,3.0595246779418948,1.660917696185303,3.0587576875488285,100.0,0.668048632361,0.134223318787,-0.276883531897,0.413791317059,2.91187902728,0.582145708337,3.05607322117,95.8609237671
2.622396,-0.6070728961120606,0.23354857468872073,-0.028378644543457034,1.1443496664550783,3.0595246779418948,1.660917696185303,3.0587576875488285,100.0,0.668432127557,0.139975746735,-0.273432075128,0.396917528412,2.91149553208,0.588665126678,3.05607322117,95.8609237671
2.642490,-0.6070728961120606,0.23354857468872073,-0.028378644543457034,1.1443496664550783,3.0595246779418948,1.660917696185303,3.0587576875488285,100.0,0.668432127557,0.14496118429,-0.270747608752,0.380043739764,2.91187902728,0.596335030609,3.05684021157,95.8609237671
2.662716,-0.6070728961120606,0.23354857468872073,-0.028378644543457034,1.1443496664550783,3.0595246779418948,1.660917696185303,3.0587576875488285,100.0,0.667281641968,0.149946621844,-0.268446637573,0.364320436707,2.91149553208,0.60400493454,3.05607322117,95.8609237671
2.683080,-0.6070728961120606,0.23354857468872073,-0.028378644543457034,1.1443496664550783,3.0595246779418948,1.660917696185303,3.0587576875488285,100.0,0.667281641968,0.155699049792,-0.266145666394,0.349364124042,2.91264601767,0.614359304846,3.05607322117,95.8609237671
2.703191,-0.6070728961120606,0.23354857468872073,-0.028378644543457034,1.1443496664550783,3.0595246779418948,1.660917696185303,3.0587576875488285,100.0,0.666131156378,0.16260196333,-0.265378676001,0.335941792163,2.91226252247,0.626631151135,3.05607322117,95.8609237671
2.722424,-0.6070728961120606,0.23354857468872073,-0.028378644543457034,1.1443496664550783,3.0595246779418948,1.660917696185303,3.0587576875488285,100.0,0.665747661182,0.167203905688,-0.265762171198,0.322519460284,2.91187902728,0.6415874638,3.05607322117,95.8609237671
2.742802,-0.6070728961120606,0.23354857468872073,-0.028378644543457034,1.1443496664550783,3.0595246779418948,1.660917696185303,3.0587576875488285,100.0,0.663830185199,0.172189343243,-0.265378676001,0.311398099585,2.91187902728,0.658844747644,3.05568972598,95.8609237671
2.763211,-0.6070728961120606,0.23354857468872073,-0.028378644543457034,1.1443496664550783,3.0595246779418948,1.660917696185303,3.0587576875488285,100.0,0.662296204413,0.176024295209,-0.265378676001,0.301810719672,2.91264601767,0.679553488257,3.05568972598,95.8609237671
2.782443,-0.6070728961120606,0.23354857468872073,-0.028378644543457034,1.1443496664550783,3.0595246779418948,1.660917696185303,3.0587576875488285,100.0,0.660762223627,0.181009732764,-0.265762171198,0.293757320544,2.91187902728,0.704097180835,3.05568972598,95.8609237671
2.802785,-0.6070728961120606,0.23354857468872073,-0.028378644543457034,1.1443496664550783,3.0595246779418948,1.660917696185303,3.0587576875488285,100.0,0.658844747644,0.185228179926,-0.266529161591,0.2876213974,2.91149553208,0.732092330182,3.05492273558,95.8609237671
2.823068,-0.6070728961120606,0.23354857468872073,-0.028378644543457034,1.1443496664550783,3.0595246779418948,1.660917696185303,3.0587576875488285,100.0,0.657310766858,0.189063131891,-0.265762171198,0.282252464648,2.91111203688,0.764305926691,3.05415574519,95.8609237671
2.842358,-0.6070728961120606,0.23354857468872073,-0.028378644543457034,1.1443496664550783,3.0595246779418948,1.660917696185303,3.0587576875488285,100.0,0.655009795679,0.192898083856,-0.265762171198,0.280718483862,2.91187902728,0.800737970361,3.0530052596,95.8609237671
2.863165,-0.6070728961120606,0.23354857468872073,-0.028378644543457034,1.1443496664550783,3.0595246779418948,1.660917696185303,3.0587576875488285,100.0,0.6527088245,0.195582550232,-0.266145666394,0.27880100788,2.91226252247,0.840621470801,3.0526217644,95.8609237671
2.882265,-0.6070728961120606,0.23354857468872073,-0.028378644543457034,1.1443496664550783,3.0595246779418948,1.660917696185303,3.0587576875488285,100.0,0.65040785332,0.198650511804,-0.265378676001,0.280334988666,2.91264601767,0.883189437616,3.05223826921,95.8609237671
2.902788,-0.6070728961120606,0.23354857468872073,-0.028378644543457034,1.1443496664550783,3.0595246779418948,1.660917696185303,3.0587576875488285,100.0,0.648106882141,0.200951482983,-0.266912656787,0.281485474255,2.91226252247,0.929975851593,3.0526217644,95.8609237671
2.922967,-0.6070728961120606,0.23354857468872073,-0.028378644543457034,1.1443496664550783,3.0595246779418948,1.660917696185303,3.0587576875488285,100.0,0.644655425372,0.202868958966,-0.266145666394,0.283786445435,2.91187902728,0.97791275116,3.05223826921,95.8609237671
2.942528,-0.6070728961120606,0.23354857468872073,-0.028378644543457034,1.1443496664550783,3.0595246779418948,1.660917696185303,3.0587576875488285,100.0,0.641203968604,0.206320415735,-0.266912656787,0.286087416614,2.91187902728,1.02584965073,3.0530052596,95.8609237671
2.962932,-0.6070728961120606,0.23354857468872073,-0.028378644543457034,1.1443496664550783,3.0595246779418948,1.660917696185303,3.0587576875488285,100.0,0.636985521442,0.208237891718,-0.266912656787,0.287237902203,2.91111203688,1.07455354069,3.05607322117,95.8609237671
2.982364,-0.6070728961120606,0.23354857468872073,-0.028378644543457034,1.1443496664550783,3.0595246779418948,1.660917696185303,3.0587576875488285,100.0,0.633917559869,0.21130585329,-0.266529161591,0.289155378186,2.91072854169,1.12325743065,3.06029166833,95.8609237671
3.002726,-0.6070728961120606,0.23354857468872073,-0.028378644543457034,1.1443496664550783,3.0595246779418948,1.660917696185303,3.0587576875488285,100.0,0.629699112708,0.214373814862,-0.266529161591,0.292606834955,2.91149553208,1.17196132061,3.06105865873,95.8609237671
3.022738,-0.6070728961120606,0.23354857468872073,-0.028378644543457034,1.1443496664550783,3.0595246779418948,1.660917696185303,3.0587576875488285,100.0,0.625097170349,0.216291290845,-0.266529161591,0.295291301331,2.91149553208,1.21951472498,3.06029166833,95.8609237671
3.042908,-0.6070728961120606,0.23354857468872073,-0.028378644543457034,1.1443496664550783,3.0595246779418948,1.660917696185303,3.0587576875488285,100.0,0.62164571358,0.219359252417,-0.26767964718,0.297208777313,2.91111203688,1.26400016777,3.06144215392,95.8609237671
3.062294,-0.6070728961120606,0.23354857468872073,-0.028378644543457034,1.1443496664550783,3.0595246779418948,1.660917696185303,3.0587576875488285,100.0,0.617043771222,0.221660223596,-0.269213627966,0.296825282117,2.91187902728,1.29237881232,3.06067516353,95.8609237671
3.082544,-0.6070728961120606,0.23354857468872073,-0.028378644543457034,1.1443496664550783,3.0595246779418948,1.660917696185303,3.0587576875488285,100.0,0.613208819257,0.223961194775,-0.270747608752,0.292606834955,2.91034504649,1.28854386035,3.06029166833,95.8609237671
3.102957,-0.6070728961120606,0.23354857468872073,-0.028378644543457034,1.1443496664550783,3.0595246779418948,1.660917696185303,3.0587576875488285,100.0,0.610907848077,0.223961194775,-0.271898094342,0.292606834955,2.91034504649,1.27435453808,3.06067516353,95.8609237671
3.122325,-0.6070728961120606,0.23354857468872073,-0.028378644543457034,1.1443496664550783,3.0595246779418948,1.660917696185303,3.0587576875488285,100.0,0.608223381702,0.223577699579,-0.275349551111,0.294907806134,2.91226252247,1.26668463415,3.06029166833,95.8609237671
3.142692,-0.6070728961120606,0.23354857468872073,-0.028378644543457034,1.1443496664550783,3.0595246779418948,1.660917696185303,3.0587576875488285,100.0,0.605922410522,0.223577699579,-0.278034017487,0.298742758099,2.91571397924,1.26936910052,3.06105865873,95.8609237671
3.163059,-0.6070728961120606,0.23354857468872073,-0.028378644543457034,1.1443496664550783,3.0595246779418948,1.660917696185303,3.0587576875488285,100.0,0.603621439343,0.223577699579,-0.280334988666,0.303344700458,2.92184990239,1.26860211013,3.06067516353,95.8609237671
3.183195,-0.6070728961120606,0.23354857468872073,-0.028378644543457034,1.1443496664550783,3.0595246779418948,1.660917696185303,3.0587576875488285,100.0,0.602087458557,0.223194204382,-0.286087416614,0.309097128406,2.92760233033,1.2609322062,3.06029166833,95.8609237671
3.202299,-0.6070728961120606,0.23354857468872073,-0.028378644543457034,1.1443496664550783,3.0595246779418948,1.660917696185303,3.0587576875488285,100.0,0.599402992181,0.222043718793,-0.28877188299,0.314849556354,2.93297126309,1.2501943407,3.06029166833,95.8609237671
3.222345,-0.6070728961120606,0.23354857468872073,-0.028378644543457034,1.1443496664550783,3.0595246779418948,1.660917696185303,3.0587576875488285,100.0,0.598252506592,0.220893233203,-0.295674796527,0.322135965088,2.94102466221,1.24252443677,3.06029166833,95.8609237671
3.242399,-0.6070728961120606,0.23354857468872073,-0.028378644543457034,1.1443496664550783,3.0595246779418948,1.660917696185303,3.0587576875488285,100.0,0.597485516199,0.219359252417,-0.301810719672,0.330189364215,2.95176252772,1.23792249441,3.06105865873,95.8609237671
3.262798,-0.6070728961120606,0.23354857468872073,-0.028378644543457034,1.1443496664550783,3.0595246779418948,1.660917696185303,3.0587576875488285,100.0,0.597102021002,0.217825271631,-0.309097128406,0.339009753735,2.96288388842,1.23025259048,3.06067516353,95.8609237671
3.282917,-0.6070728961120606,0.23354857468872073,-0.028378644543457034,1.1443496664550783,3.0595246779418948,1.660917696185303,3.0587576875488285,100.0,0.596718525806,0.215907795648,-0.316767032336,0.348980628845,2.97362175392,1.21874773458,3.06067516353,95.8609237671
3.303098,-0.6070728961120606,0.23354857468872073,-0.028378644543457034,1.1443496664550783,3.0595246779418948,1.660917696185303,3.0587576875488285,100.0,0.598252506592,0.213223329272,-0.323669945874,0.360101989545,2.98359262903,1.20724287869,3.06029166833,95.8609237671
3.322333,-0.6070728961120606,0.23354857468872073,-0.028378644543457034,1.1443496664550783,3.0595246779418948,1.660917696185303,3.0587576875488285,100.0,0.598636001788,0.210538862897,-0.331339849805,0.371223350244,2.99394699933,1.19535452759,3.06029166833,95.8609237671
3.342751,-0.6070728961120606,0.23354857468872073,-0.028378644543457034,1.1443496664550783,3.0595246779418948,1.660917696185303,3.0587576875488285,100.0,0.599786487378,0.207087406128,-0.338242763342,0.38272820614,3.00276738885,1.18231569091,3.06105865873,95.8609237671
3.363138,-0.6070728961120606,0.23354857468872073,-0.028378644543457034,1.1443496664550783,3.0595246779418948,1.660917696185303,3.0587576875488285,100.0,0.601703963361,0.203252454163,-0.344762181683,0.396534033215,3.01043729279,1.16620889266,3.06067516353,95.8609237671
3.382325,-0.6070728961120606,0.23354857468872073,-0.028378644543457034,1.1443496664550783,3.0595246779418948,1.660917696185303,3.0587576875488285,100.0,0.604388429736,0.199034007001,-0.351281600024,0.410723355487,3.01657321593,1.14741762803,3.06067516353,95.8609237671
3.402564,-0.6070728961120606,0.23354857468872073,-0.028378644543457034,1.1443496664550783,3.0595246779418948,1.660917696185303,3.0587576875488285,100.0,0.606305905719,0.193281579053,-0.357034027972,0.426446658545,3.0204081679,1.1282428682,3.06105865873,95.8609237671
3.422831,-0.6070728961120606,0.23354857468872073,-0.028378644543457034,1.1443496664550783,3.0595246779418948,1.660917696185303,3.0587576875488285,100.0,0.608606876898,0.188296141498,-0.362402960724,0.442169961603,3.02309263427,1.10676713719,3.06067516353,95.8609237671
3.443072,-0.6070728961120606,0.23354857468872073,-0.028378644543457034,1.1443496664550783,3.0595246779418948,1.660917696185303,3.0587576875488285,100.0,0.61282532406,0.182160218353,-0.366621407886,0.457509769464,3.02347612947,1.08299043501,3.06067516353,95.8609237671
3.462548,-0.6070728961120606,0.23354857468872073,-0.028378644543457034,1.1443496664550783,3.0595246779418948,1.660917696185303,3.0587576875488285,100.0,0.615126295239,0.176024295209,-0.370839855048,0.473616567719,3.02309263427,1.05691276165,3.06029166833,95.8609237671
3.482816,-0.6070728961120606,0.23354857468872073,-0.028378644543457034,1.1443496664550783,3.0595246779418948,1.660917696185303,3.0587576875488285,100.0,0.619344742401,0.169504876868,-0.374291311816,0.489723365973,3.02232564388,1.03083508828,3.06067516353,95.8609237671
3.503172,-0.6070728961120606,0.23354857468872073,-0.028378644543457034,1.1443496664550783,3.0595246779418948,1.660917696185303,3.0587576875488285,100.0,0.622412703973,0.162985458527,-0.376208787799,0.50659715462,3.02194214868,1.00437391972,3.06067516353,95.8609237671
3.523174,-0.6070728961120606,0.23354857468872073,-0.028378644543457034,1.1443496664550783,3.0595246779418948,1.660917696185303,3.0587576875488285,100.0,0.625864160742,0.155315554596,-0.377359273389,0.522320457678,3.02155865349,0.974077799194,3.06067516353,95.8609237671
3.542523,-0.6070728961120606,0.23354857468872073,-0.028378644543457034,1.1443496664550783,3.0595246779418948,1.660917696185303,3.0587576875488285,100.0,0.630082607904,0.148796136255,-0.377742768585,0.538427255933,3.02232564388,0.943014688275,3.06105865873,95.8609237671
3.563053,-0.6070728961120606,0.23354857468872073,-0.028378644543457034,1.1443496664550783,3.0595246779418948,1.660917696185303,3.0587576875488285,100.0,0.634301055066,0.141509727521,-0.378126263782,0.554917549384,3.02270913907,0.911184586963,3.06105865873,95.8609237671
3.582323,-0.6070728961120606,0.23354857468872073,-0.028378644543457034,1.1443496664550783,3.0595246779418948,1.660917696185303,3.0587576875488285,100.0,0.638902997424,0.13383982359,-0.378126263782,0.571024347638,3.02270913907,0.875903028882,3.06029166833,95.8609237671
3.602497,-0.6070728961120606,0.23354857468872073,-0.028378644543457034,1.1443496664550783,3.0595246779418948,1.660917696185303,3.0587576875488285,100.0,0.644271930176,0.125786424463,-0.378126263782,0.585980660303,3.02194214868,0.841004965997,3.06105865873,95.8609237671
3.622680,-0.6070728961120606,0.23354857468872073,-0.028378644543457034,1.1443496664550783,3.0595246779418948,1.660917696185303,3.0587576875488285,100.0,0.649640862927,0.117733025336,-0.377359273389,0.602470953754,3.02194214868,0.806490398309,3.06067516353,95.8609237671
3.643058,-0.6070728961120606,0.23354857468872073,-0.028378644543457034,1.1443496664550783,3.0595246779418948,1.660917696185303,3.0587576875488285,100.0,0.653859310089,0.110446616602,-0.377742768585,0.616276780829,3.02194214868,0.769291364246,3.06067516353,95.8609237671
3.662301,-0.6070728961120606,0.23354857468872073,-0.028378644543457034,1.1443496664550783,3.0595246779418948,1.660917696185303,3.0587576875488285,100.0,0.659611738037,0.103160207867,-0.377742768585,0.630466103101,3.02155865349,0.732475825378,3.06105865873,95.8609237671
3.682414,-0.6070728961120606,0.23354857468872073,-0.028378644543457034,1.1443496664550783,3.0595246779418948,1.660917696185303,3.0587576875488285,100.0,0.664597175592,0.0947233135437,-0.377359273389,0.644271930176,3.02194214868,0.695660286511,3.06067516353,95.8609237671
3.702817,-0.6070728961120606,0.23354857468872073,-0.028378644543457034,1.1443496664550783,3.0595246779418948,1.660917696185303,3.0587576875488285,100.0,0.67034960354,0.087053409613,-0.376975778192,0.656543776465,3.02270913907,0.658077757251,3.06105865873,95.8609237671
3.723139,-0.6070728961120606,0.23354857468872073,-0.028378644543457034,1.1443496664550783,3.0595246779418948,1.660917696185303,3.0587576875488285,100.0,0.675335041095,0.080533991272,-0.376208787799,0.667665137164,3.02194214868,0.620878723187,3.06067516353,95.8609237671
3.742421,-0.6070728961120606,0.23354857468872073,-0.028378644543457034,1.1443496664550783,3.0595246779418948,1.660917696185303,3.0587576875488285,100.0,0.681854459436,0.0736310777344,-0.375825292603,0.677252517078,3.02270913907,0.58406318432,3.06029166833,95.8609237671
3.763007,-0.6070728961120606,0.23354857468872073,-0.028378644543457034,1.1443496664550783,3.0595246779418948,1.660917696185303,3.0587576875488285,100.0,0.688373877777,0.0663446690002,-0.375825292603,0.685305916205,3.02270913907,0.549548616632,3.06067516353,95.8609237671
3.782452,-0.6070728961120606,0.23354857468872073,-0.028378644543457034,1.1443496664550783,3.0595246779418948,1.660917696185303,3.0587576875488285,100.0,0.694509800922,0.0605922410522,-0.375058302209,0.691825334546,3.02232564388,0.515034048944,3.05990817314,95.8609237671
3.802775,-0.6070728961120606,0.23354857468872073,-0.028378644543457034,1.1443496664550783,3.0595246779418948,1.660917696185303,3.0587576875488285,100.0,0.699495238477,0.0548398131042,-0.374674807013,0.695660286511,3.02270913907,0.484354433221,3.06067516353,95.8609237671
3.823121,-0.6070728961120606,0.23354857468872073,-0.028378644543457034,1.1443496664550783,3.0595246779418948,1.660917696185303,3.0587576875488285,100.0,0.704864171228,0.0494708803528,-0.374674807013,0.699878733673,3.02309263427,0.456359283875,3.06144215392,95.8609237671
3.842368,-0.6070728961120606,0.23354857468872073,-0.028378644543457034,1.1443496664550783,3.0595246779418948,1.660917696185303,3.0587576875488285,100.0,0.712150579962,0.0456359283875,-0.374291311816,0.700645724066,3.02385962466,0.431815591296,3.06067516353,95.8609237671
3.862865,-0.6070728961120606,0.23354857468872073,-0.028378644543457034,1.1443496664550783,3.0595246779418948,1.660917696185303,3.0587576875488285,100.0,0.716369027124,0.0414174812256,-0.37390781662,0.701029219263,3.02385962466,0.41149034588,3.06105865873,95.8609237671
3.883055,-0.6070728961120606,0.23354857468872073,-0.028378644543457034,1.1443496664550783,3.0595246779418948,1.660917696185303,3.0587576875488285,100.0,0.722504950269,0.0383495196533,-0.374291311816,0.69911174328,3.02501011025,0.395767042822,3.06105865873,95.8609237671
3.903164,-0.6070728961120606,0.23354857468872073,-0.028378644543457034,1.1443496664550783,3.0595246779418948,1.660917696185303,3.0587576875488285,100.0,0.728257378217,0.0360485484741,-0.374291311816,0.69911174328,3.02424311986,0.386179662909,3.06105865873,95.8609237671
3.922404,-0.6070728961120606,0.23354857468872073,-0.028378644543457034,1.1443496664550783,3.0595246779418948,1.660917696185303,3.0587576875488285,100.0,0.732092330182,0.0341310724915,-0.373140826227,0.697194267297,3.02501011025,0.382344710944,3.06029166833,95.8609237671
3.942651,-0.6070728961120606,0.23354857468872073,-0.028378644543457034,1.1443496664550783,3.0595246779418948,1.660917696185303,3.0587576875488285,100.0,0.737077767737,0.0314466061157,-0.373140826227,0.695660286511,3.02539360545,0.38387869173,3.06105865873,95.8609237671
3.963027,-0.6070728961120606,0.23354857468872073,-0.028378644543457034,1.1443496664550783,3.0595246779418948,1.660917696185303,3.0587576875488285,100.0,0.741296214899,0.0291456349365,-0.371606845441,0.694126305725,3.02424311986,0.390014614874,3.06144215392,95.8609237671
3.982439,-0.6070728961120606,0.23354857468872073,-0.028378644543457034,1.1443496664550783,3.0595246779418948,1.660917696185303,3.0587576875488285,100.0,0.746281652454,0.0276116541504,-0.370839855048,0.692208829742,3.02424311986,0.40151947077,3.06067516353,95.8609237671
4.002655,-0.6070728961120606,0.23354857468872073,-0.028378644543457034,1.1443496664550783,3.0595246779418948,1.660917696185303,3.0587576875488285,100.0,0.749733109222,0.0264611685608,-0.369689369458,0.692208829742,3.02501011025,0.416092288239,3.06029166833,95.8609237671
4.022899,-0.6070728961120606,0.23354857468872073,-0.028378644543457034,1.1443496664550783,3.0595246779418948,1.660917696185303,3.0587576875488285,100.0,0.753184565991,0.0237767021851,-0.368922379065,0.691441839349,3.02462661506,0.434883552869,3.06105865873,95.8609237671
4.043019,-0.6070728961120606,0.23354857468872073,-0.028378644543457034,1.1443496664550783,3.0595246779418948,1.660917696185303,3.0587576875488285,100.0,0.75663602276,0.023009711792,-0.367771893475,0.691058344153,3.02462661506,0.458660255054,3.06067516353,95.8609237671
4.062368,-0.6070728961120606,0.23354857468872073,-0.028378644543457034,1.1443496664550783,3.0595246779418948,1.660917696185303,3.0587576875488285,100.0,0.760087479529,0.0214757310059,-0.367004903082,0.691058344153,3.02424311986,0.487038899597,3.06067516353,95.8609237671
4.082638,-0.6070728961120606,0.23354857468872073,-0.028378644543457034,1.1443496664550783,3.0595246779418948,1.660917696185303,3.0587576875488285,100.0,0.760854469922,0.0195582550232,-0.366237912689,0.690674848956,3.02462661506,0.517335020123,3.06029166833,95.8609237671
4.102910,-0.6070728961120606,0.23354857468872073,-0.028378644543457034,1.1443496664550783,3.0595246779418948,1.660917696185303,3.0587576875488285,100.0,0.764305926691,0.0195582550232,-0.3650874271,0.691058344153,3.02462661506,0.551082597418,3.06067516353,95.8609237671
4.123161,-0.6070728961120606,0.23354857468872073,-0.028378644543457034,1.1443496664550783,3.0595246779418948,1.660917696185303,3.0587576875488285,100.0,0.765839907477,0.0191747598267,-0.363553446313,0.692208829742,3.02424311986,0.587514641089,3.06067516353,95.8609237671
4.142313,-0.6070728961120606,0.23354857468872073,-0.028378644543457034,1.1443496664550783,3.0595246779418948,1.660917696185303,3.0587576875488285,100.0,0.76660689787,0.0195582550232,-0.362402960724,0.692208829742,3.02424311986,0.627014646332,3.06105865873,95.8609237671
4.162627,-0.6070728961120606,0.23354857468872073,-0.028378644543457034,1.1443496664550783,3.0595246779418948,1.660917696185303,3.0587576875488285,100.0,0.767757383459,0.0195582550232,-0.361635970331,0.692592324939,3.02347612947,0.667665137164,3.05952467794,95.8609237671
4.182872,-0.6070728961120606,0.23354857468872073,-0.028378644543457034,1.1443496664550783,3.0595246779418948,1.660917696185303,3.0587576875488285,100.0,0.767757383459,0.0210922358093,-0.359718494348,0.692592324939,3.02424311986,0.709849608783,3.05914118275,95.8609237671
4.203107,-0.6070728961120606,0.23354857468872073,-0.028378644543457034,1.1443496664550783,3.0595246779418948,1.660917696185303,3.0587576875488285,100.0,0.76660689787,0.0214757310059,-0.357801018365,0.693359315332,3.02347612947,0.753951556384,3.05799069716,95.8609237671
4.223229,-0.6070728961120606,0.23354857468872073,-0.028378644543457034,1.1443496664550783,3.0595246779418948,1.660917696185303,3.0587576875488285,100.0,0.76545641228,0.023009711792,-0.354733056793,0.694509800922,3.02270913907,0.798436999182,3.05799069716,95.8609237671
4.242370,-0.6070728961120606,0.23354857468872073,-0.028378644543457034,1.1443496664550783,3.0595246779418948,1.660917696185303,3.0587576875488285,100.0,0.763538936298,0.0241601973816,-0.352432085614,0.695276791315,3.02270913907,0.842538946783,3.05799069716,95.8609237671
4.262862,-0.6070728961120606,0.23354857468872073,-0.028378644543457034,1.1443496664550783,3.0595246779418948,1.660917696185303,3.0587576875488285,100.0,0.761237965118,0.0256941781677,-0.350131114435,0.696043781708,3.02309263427,0.888174875171,3.05684021157,95.8609237671
4.283178,-0.6070728961120606,0.23354857468872073,-0.028378644543457034,1.1443496664550783,3.0595246779418948,1.660917696185303,3.0587576875488285,100.0,0.758553498743,0.0283786445435,-0.346679657666,0.695660286511,3.02347612947,0.932276822772,3.05645671637,95.8609237671
4.302649,-0.6070728961120606,0.23354857468872073,-0.028378644543457034,1.1443496664550783,3.0595246779418948,1.660917696185303,3.0587576875488285,100.0,0.753951556384,0.0314466061157,-0.343611696094,0.694893296118,3.02232564388,0.974844789587,3.05568972598,95.8609237671
4.322839,-0.6070728961120606,0.23354857468872073,-0.028378644543457034,1.1443496664550783,3.0595246779418948,1.660917696185303,3.0587576875488285,100.0,0.749349614026,0.0348980628845,-0.339393248932,0.694509800922,3.02194214868,1.01472829003,3.05492273558,95.8609237671
4.343250,-0.6070728961120606,0.23354857468872073,-0.028378644543457034,1.1443496664550783,3.0595246779418948,1.660917696185303,3.0587576875488285,100.0,0.74666514765,0.0391165100464,-0.335941792163,0.692592324939,3.02232564388,1.05461179047,3.05453924039,95.8609237671
4.362501,-0.6070728961120606,0.23354857468872073,-0.028378644543457034,1.1443496664550783,3.0595246779418948,1.660917696185303,3.0587576875488285,100.0,0.742063205292,0.0437184524048,-0.332106840198,0.691441839349,3.02232564388,1.09181082453,3.0526217644,95.8609237671
4.382647,-0.6070728961120606,0.23354857468872073,-0.028378644543457034,1.1443496664550783,3.0595246779418948,1.660917696185303,3.0587576875488285,100.0,0.737461262933,0.0494708803528,-0.330189364215,0.691058344153,3.02155865349,1.12747587781,3.0530052596,95.8609237671
4.402619,-0.6070728961120606,0.23354857468872073,-0.028378644543457034,1.1443496664550783,3.0595246779418948,1.660917696185303,3.0587576875488285,100.0,0.733242815771,0.0544563179077,-0.32635441225,0.689907858563,3.02155865349,1.1616069503,3.0526217644,95.8609237671
4.423007,-0.6070728961120606,0.23354857468872073,-0.028378644543457034,1.1443496664550783,3.0595246779418948,1.660917696185303,3.0587576875488285,100.0,0.72787388302,0.0609757362488,-0.324053441071,0.689524363367,3.0204081679,1.19573802279,3.05185477401,95.8609237671
4.443058,-0.6070728961120606,0.23354857468872073,-0.028378644543457034,1.1443496664550783,3.0595246779418948,1.660917696185303,3.0587576875488285,100.0,0.721737959875,0.0659611738037,-0.320601984302,0.688757372974,3.02117515829,1.22680113371,3.05185477401,95.8609237671
4.462254,-0.6070728961120606,0.23354857468872073,-0.028378644543457034,1.1443496664550783,3.0595246779418948,1.660917696185303,3.0587576875488285,100.0,0.715602036731,0.0717136017517,-0.319068003516,0.687606887384,3.02155865349,1.25786424463,3.0526217644,95.8609237671
4.482492,-0.6070728961120606,0.23354857468872073,-0.028378644543457034,1.1443496664550783,3.0595246779418948,1.660917696185303,3.0587576875488285,100.0,0.710233103979,0.0782330200928,-0.317534022729,0.687223392188,3.02079166309,1.28816036516,3.0526217644,95.8609237671
4.502622,-0.6070728961120606,0.23354857468872073,-0.028378644543457034,1.1443496664550783,3.0595246779418948,1.660917696185303,3.0587576875488285,100.0,0.702946695245,0.0843689432373,-0.31638353714,0.687223392188,3.0204081679,1.31845648568,3.05185477401,95.8609237671
4.522731,-0.6070728961120606,0.23354857468872073,-0.028378644543457034,1.1443496664550783,3.0595246779418948,1.660917696185303,3.0587576875488285,100.0,0.698728248083,0.0901213711853,-0.31523305155,0.686456401794,3.0196411775,1.34836911101,3.05223826921,95.8609237671
4.542994,-0.6070728961120606,0.23354857468872073,-0.028378644543457034,1.1443496664550783,3.0595246779418948,1.660917696185303,3.0587576875488285,100.0,0.693359315332,0.0981747703125,-0.31523305155,0.685689411401,3.01925768231,1.37751474595,3.05185477401,95.8609237671
4.563206,-0.6070728961120606,0.23354857468872073,-0.028378644543457034,1.1443496664550783,3.0595246779418948,1.660917696185303,3.0587576875488285,100.0,0.686456401794,0.10507768385,-0.314849556354,0.684538925812,3.01887418711,1.40819436167,3.05223826921,95.8609237671
4.582464,-0.6070728961120606,0.23354857468872073,-0.028378644543457034,1.1443496664550783,3.0595246779418948,1.660917696185303,3.0587576875488285,100.0,0.679936983453,0.112364092584,-0.31523305155,0.683004945026,3.01849069191,1.43695650141,3.05185477401,95.8609237671
4.602780,-0.6070728961120606,0.23354857468872073,-0.028378644543457034,1.1443496664550783,3.0595246779418948,1.660917696185303,3.0587576875488285,100.0,0.673417565112,0.120417491711,-0.314849556354,0.68147096424,3.01772370152,1.46648563154,3.05147127881,95.8609237671
4.622822,-0.6070728961120606,0.23354857468872073,-0.028378644543457034,1.1443496664550783,3.0595246779418948,1.660917696185303,3.0587576875488285,100.0,0.666514651575,0.127320405249,-0.31523305155,0.679936983453,3.01580622554,1.49754874246,3.05185477401,95.8609237671
4.643085,-0.6070728961120606,0.23354857468872073,-0.028378644543457034,1.1443496664550783,3.0595246779418948,1.660917696185303,3.0587576875488285,100.0,0.661912709216,0.134223318787,-0.31523305155,0.678019507471,3.01427224475,1.52554389181,3.05185477401,95.8609237671
4.662509,-0.6070728961120606,0.23354857468872073,-0.028378644543457034,1.1443496664550783,3.0595246779418948,1.660917696185303,3.0587576875488285,100.0,0.656543776465,0.141893222717,-0.31523305155,0.676485526685,3.01197127357,1.55008758439,3.0526217644,95.8609237671
4.682675,-0.6070728961120606,0.23354857468872073,-0.028378644543457034,1.1443496664550783,3.0595246779418948,1.660917696185303,3.0587576875488285,100.0,0.65040785332,0.149563126648,-0.316000041943,0.673034069916,3.00967030239,1.57271380098,3.05223826921,95.8609237671
4.703174,-0.6070728961120606,0.23354857468872073,-0.028378644543457034,1.1443496664550783,3.0595246779418948,1.660917696185303,3.0587576875488285,100.0,0.644655425372,0.156466040186,-0.316767032336,0.670733098737,3.00775282641,1.59380603679,3.05223826921,95.8609237671
4.722557,-0.6070728961120606,0.23354857468872073,-0.028378644543457034,1.1443496664550783,3.0595246779418948,1.660917696185303,3.0587576875488285,100.0,0.640820473407,0.161834972937,-0.31638353714,0.669966108344,3.00621884562,1.61029633024,3.0526217644,95.8609237671
4.742801,-0.6070728961120606,0.23354857468872073,-0.028378644543457034,1.1443496664550783,3.0595246779418948,1.660917696185303,3.0587576875488285,100.0,0.635835035852,0.168354391278,-0.317150527533,0.668048632361,3.00276738885,1.62256817653,3.05223826921,95.8609237671
4.762353,-0.6070728961120606,0.23354857468872073,-0.028378644543457034,1.1443496664550783,3.0595246779418948,1.660917696185303,3.0587576875488285,100.0,0.632000083887,0.174106819226,-0.317150527533,0.666898146771,3.00046641768,1.62985458527,3.05185477401,95.8609237671
4.782638,-0.6070728961120606,0.23354857468872073,-0.028378644543457034,1.1443496664550783,3.0595246779418948,1.660917696185303,3.0587576875488285,100.0,0.628165131921,0.179092256781,-0.318301013123,0.666131156378,2.9973984561,1.63292254684,3.05223826921,95.8609237671
4.803085,-0.6070728961120606,0.23354857468872073,-0.028378644543457034,1.1443496664550783,3.0595246779418948,1.660917696185303,3.0587576875488285,100.0,0.624713675153,0.182160218353,-0.319834993909,0.666514651575,2.99586447532,1.63062157566,3.05223826921,95.8609237671
4.822340,-0.6070728961120606,0.23354857468872073,-0.028378644543457034,1.1443496664550783,3.0595246779418948,1.660917696185303,3.0587576875488285,100.0,0.622412703973,0.185611675122,-0.321752469891,0.666898146771,2.99433049453,1.62410215732,3.05147127881,95.8609237671
4.842509,-0.6070728961120606,0.23354857468872073,-0.028378644543457034,1.1443496664550783,3.0595246779418948,1.660917696185303,3.0587576875488285,100.0,0.619344742401,0.188296141498,-0.324820431464,0.666131156378,2.99318000894,1.61336429182,3.05223826921,95.8609237671
4.863180,-0.6070728961120606,0.23354857468872073,-0.028378644543457034,1.1443496664550783,3.0595246779418948,1.660917696185303,3.0587576875488285,100.0,0.618194256812,0.190980607874,-0.328655383429,0.666898146771,2.99356350414,1.59725749356,3.05223826921,95.8609237671
4.882533,-0.6070728961120606,0.23354857468872073,-0.028378644543457034,1.1443496664550783,3.0595246779418948,1.660917696185303,3.0587576875488285,100.0,0.616660276025,0.192131093463,-0.332106840198,0.666898146771,2.99394699933,1.57654875295,3.05185477401,95.8609237671
4.902700,-0.6070728961120606,0.23354857468872073,-0.028378644543457034,1.1443496664550783,3.0595246779418948,1.660917696185303,3.0587576875488285,100.0,0.615509790436,0.19251458866,-0.334791306573,0.665747661182,2.99394699933,1.55008758439,3.05223826921,95.8609237671
4.922965,-0.6070728961120606,0.23354857468872073,-0.028378644543457034,1.1443496664550783,3.0595246779418948,1.660917696185303,3.0587576875488285,100.0,0.614742800043,0.193281579053,-0.339393248932,0.666514651575,2.99318000894,1.52132544465,3.05185477401,95.8609237671
4.943195,-0.6070728961120606,0.23354857468872073,-0.028378644543457034,1.1443496664550783,3.0595246779418948,1.660917696185303,3.0587576875488285,100.0,0.614359304846,0.193281579053,-0.343611696094,0.665747661182,2.99318000894,1.48604388657,3.0526217644,95.8609237671
4.962339,-0.6070728961120606,0.23354857468872073,-0.028378644543457034,1.1443496664550783,3.0595246779418948,1.660917696185303,3.0587576875488285,100.0,0.615126295239,0.192131093463,-0.349364124042,0.664980670789,2.99318000894,1.44807786211,3.05223826921,95.8609237671
4.982690,-0.6070728961120606,0.23354857468872073,-0.028378644543457034,1.1443496664550783,3.0595246779418948,1.660917696185303,3.0587576875488285,100.0,0.615509790436,0.190980607874,-0.354733056793,0.663063194806,2.99318000894,1.40666038088,3.05223826921,95.8609237671
5.003009,-0.6070728961120606,0.23354857468872073,-0.028378644543457034,1.1443496664550783,3.0595246779418948,1.660917696185303,3.0587576875488285,100.0,0.615509790436,0.19136410307,-0.360101989545,0.659995233234,2.99279651375,1.36370891887,3.05185477401,95.8609237671
5.023146,-0.6070728961120606,0.23354857468872073,-0.028378644543457034,1.1443496664550783,3.0595246779418948,1.660917696185303,3.0587576875488285,100.0,0.617427266418,0.189830122284,-0.364703931903,0.655009795679,2.99164602816,1.31577201931,3.0530052596,95.8609237671
5.042439,-0.6070728961120606,0.23354857468872073,-0.028378644543457034,1.1443496664550783,3.0595246779418948,1.660917696185303,3.0587576875488285,100.0,0.617810761615,0.188296141498,-0.369305874261,0.650791348517,2.99164602816,1.26630113895,3.05223826921,95.8609237671
5.062848,-0.6070728961120606,0.23354857468872073,-0.028378644543457034,1.1443496664550783,3.0595246779418948,1.660917696185303,3.0587576875488285,100.0,0.620111732794,0.187145655908,-0.374291311816,0.642354454193,2.99126253296,1.2168302586,3.05223826921,95.8609237671
5.082278,-0.6070728961120606,0.23354857468872073,-0.028378644543457034,1.1443496664550783,3.0595246779418948,1.660917696185303,3.0587576875488285,100.0,0.62164571358,0.187912646301,-0.377359273389,0.634301055066,2.99087903776,1.16774287344,3.05223826921,95.8609237671
5.102354,-0.6070728961120606,0.23354857468872073,-0.028378644543457034,1.1443496664550783,3.0595246779418948,1.660917696185303,3.0587576875488285,100.0,0.623179694366,0.187912646301,-0.380810730157,0.623179694366,2.99126253296,1.11788849789,3.05223826921,95.8609237671
5.122584,-0.6070728961120606,0.23354857468872073,-0.028378644543457034,1.1443496664550783,3.0595246779418948,1.660917696185303,3.0587576875488285,100.0,0.624713675153,0.187529151105,-0.384645682123,0.610524352881,2.99126253296,1.06688363676,3.0526217644,95.8609237671
5.142778,-0.6070728961120606,0.23354857468872073,-0.028378644543457034,1.1443496664550783,3.0595246779418948,1.660917696185303,3.0587576875488285,100.0,0.627398141528,0.188296141498,-0.386563158105,0.596718525806,2.99011204737,1.0174127564,3.0533887548,95.8609237671
5.163153,-0.6070728961120606,0.23354857468872073,-0.028378644543457034,1.1443496664550783,3.0595246779418948,1.660917696185303,3.0587576875488285,100.0,0.628165131921,0.187912646301,-0.388480634088,0.580228232355,2.99011204737,0.96794187605,3.05377224999,95.8609237671
5.182425,-0.6070728961120606,0.23354857468872073,-0.028378644543457034,1.1443496664550783,3.0595246779418948,1.660917696185303,3.0587576875488285,100.0,0.629699112708,0.188296141498,-0.388864129285,0.562970948511,2.99126253296,0.918470995697,3.05530623078,95.8609237671
5.202501,-0.6070728961120606,0.23354857468872073,-0.028378644543457034,1.1443496664550783,3.0595246779418948,1.660917696185303,3.0587576875488285,100.0,0.632000083887,0.188296141498,-0.388864129285,0.544946674274,2.99126253296,0.873218562506,3.05722370676,95.8609237671
5.222841,-0.6070728961120606,0.23354857468872073,-0.028378644543457034,1.1443496664550783,3.0595246779418948,1.660917696185303,3.0587576875488285,100.0,0.633150569476,0.189446627087,-0.388864129285,0.525771914447,2.99202952335,0.827582634119,3.05990817314,95.8609237671
5.242727,-0.6070728961120606,0.23354857468872073,-0.028378644543457034,1.1443496664550783,3.0595246779418948,1.660917696185303,3.0587576875488285,100.0,0.636218531049,0.189446627087,-0.389247624481,0.505446669031,2.99087903776,0.785781657697,3.06105865873,95.8609237671
5.263200,-0.6070728961120606,0.23354857468872073,-0.028378644543457034,1.1443496664550783,3.0595246779418948,1.660917696185303,3.0587576875488285,100.0,0.638902997424,0.189830122284,-0.388097138892,0.485888414008,2.99126253296,0.745514662061,3.06105865873,95.8609237671
5.282415,-0.6070728961120606,0.23354857468872073,-0.028378644543457034,1.1443496664550783,3.0595246779418948,1.660917696185303,3.0587576875488285,100.0,0.6415874638,0.19021361748,-0.388864129285,0.464412683002,2.99202952335,0.709466113586,3.06105865873,95.8609237671
5.302903,-0.6070728961120606,0.23354857468872073,-0.028378644543457034,1.1443496664550783,3.0595246779418948,1.660917696185303,3.0587576875488285,100.0,0.643888434979,0.190980607874,-0.388097138892,0.444087437585,2.99241301855,0.676102031488,3.06067516353,95.8609237671
5.323034,-0.6070728961120606,0.23354857468872073,-0.028378644543457034,1.1443496664550783,3.0595246779418948,1.660917696185303,3.0587576875488285,100.0,0.647339891748,0.191747598267,-0.388864129285,0.423762192169,2.99241301855,0.646189406158,3.06067516353,95.8609237671
5.342447,-0.6070728961120606,0.23354857468872073,-0.028378644543457034,1.1443496664550783,3.0595246779418948,1.660917696185303,3.0587576875488285,100.0,0.65040785332,0.192131093463,-0.387330148499,0.403436946753,2.99318000894,0.620878723187,3.06029166833,95.8609237671
5.362952,-0.6070728961120606,0.23354857468872073,-0.028378644543457034,1.1443496664550783,3.0595246779418948,1.660917696185303,3.0587576875488285,100.0,0.653475814893,0.19251458866,-0.386563158105,0.384645682123,2.99394699933,0.600169982574,3.06105865873,95.8609237671
5.382490,-0.6070728961120606,0.23354857468872073,-0.028378644543457034,1.1443496664550783,3.0595246779418948,1.660917696185303,3.0587576875488285,100.0,0.656543776465,0.193281579053,-0.386563158105,0.365470922296,2.99394699933,0.58406318432,3.06067516353,95.8609237671
5.402550,-0.6070728961120606,0.23354857468872073,-0.028378644543457034,1.1443496664550783,3.0595246779418948,1.660917696185303,3.0587576875488285,100.0,0.66037872843,0.19251458866,-0.385796167712,0.348597133649,2.99394699933,0.572941823621,3.06105865873,95.8609237671
5.422858,-0.6070728961120606,0.23354857468872073,-0.028378644543457034,1.1443496664550783,3.0595246779418948,1.660917696185303,3.0587576875488285,100.0,0.663446690002,0.192898083856,-0.383111701337,0.332873830591,2.99394699933,0.568723376459,3.06067516353,95.8609237671
5.443067,-0.6070728961120606,0.23354857468872073,-0.028378644543457034,1.1443496664550783,3.0595246779418948,1.660917696185303,3.0587576875488285,100.0,0.666898146771,0.193281579053,-0.381577720551,0.318301013123,2.99394699933,0.569106871655,3.05990817314,95.8609237671
5.462394,-0.6070728961120606,0.23354857468872073,-0.028378644543457034,1.1443496664550783,3.0595246779418948,1.660917696185303,3.0587576875488285,100.0,0.669966108344,0.193665074249,-0.380043739764,0.304878681244,2.99433049453,0.574859299603,3.06105865873,95.8609237671
5.482785,-0.6070728961120606,0.23354857468872073,-0.028378644543457034,1.1443496664550783,3.0595246779418948,1.660917696185303,3.0587576875488285,100.0,0.672650574719,0.193281579053,-0.378893254175,0.294140815741,2.99394699933,0.583679689124,3.06105865873,95.8609237671
5.503167,-0.6070728961120606,0.23354857468872073,-0.028378644543457034,1.1443496664550783,3.0595246779418948,1.660917696185303,3.0587576875488285,100.0,0.675335041095,0.192898083856,-0.378126263782,0.283402950238,2.99433049453,0.598636001788,3.06067516353,95.8609237671
5.523175,-0.6070728961120606,0.23354857468872073,-0.028378644543457034,1.1443496664550783,3.0595246779418948,1.660917696185303,3.0587576875488285,100.0,0.678019507471,0.192898083856,-0.377359273389,0.275349551111,2.99394699933,0.618194256812,3.06105865873,95.8609237671
5.542702,-0.6070728961120606,0.23354857468872073,-0.028378644543457034,1.1443496664550783,3.0595246779418948,1.660917696185303,3.0587576875488285,100.0,0.681854459436,0.193281579053,-0.376208787799,0.268063142377,2.99394699933,0.641203968604,3.06067516353,95.8609237671
5.563280,-0.6070728961120606,0.23354857468872073,-0.028378644543457034,1.1443496664550783,3.0595246779418948,1.660917696185303,3.0587576875488285,100.0,0.683771935419,0.192898083856,-0.376592282996,0.262310714429,2.99471398973,0.669582613147,3.06105865873,95.8609237671
5.582804,-0.6070728961120606,0.23354857468872073,-0.028378644543457034,1.1443496664550783,3.0595246779418948,1.660917696185303,3.0587576875488285,100.0,0.686456401794,0.193281579053,-0.376208787799,0.259242752856,2.99433049453,0.701796209656,3.06105865873,95.8609237671
5.603210,-0.6070728961120606,0.23354857468872073,-0.028378644543457034,1.1443496664550783,3.0595246779418948,1.660917696185303,3.0587576875488285,100.0,0.687990382581,0.193665074249,-0.376975778192,0.25770877207,2.99433049453,0.738228253326,3.06029166833,95.8609237671
5.622335,-0.6070728961120606,0.23354857468872073,-0.028378644543457034,1.1443496664550783,3.0595246779418948,1.660917696185303,3.0587576875488285,100.0,0.68914086817,0.193281579053,-0.375825292603,0.258092267267,2.99394699933,0.778111753766,3.06029166833,95.8609237671
5.642614,-0.6070728961120606,0.23354857468872073,-0.028378644543457034,1.1443496664550783,3.0595246779418948,1.660917696185303,3.0587576875488285,100.0,0.689524363367,0.193665074249,-0.376208787799,0.258475762463,2.99433049453,0.820296225385,3.06144215392,95.8609237671
5.662407,-0.6070728961120606,0.23354857468872073,-0.028378644543457034,1.1443496664550783,3.0595246779418948,1.660917696185303,3.0587576875488285,100.0,0.689524363367,0.193281579053,-0.376208787799,0.260393238446,2.99433049453,0.864014677789,3.06029166833,95.8609237671
5.683059,-0.6070728961120606,0.23354857468872073,-0.028378644543457034,1.1443496664550783,3.0595246779418948,1.660917696185303,3.0587576875488285,100.0,0.688757372974,0.194048569446,-0.376208787799,0.263461200018,2.99433049453,0.910801091766,3.06067516353,95.8609237671
5.703160,-0.6070728961120606,0.23354857468872073,-0.028378644543457034,1.1443496664550783,3.0595246779418948,1.660917696185303,3.0587576875488285,100.0,0.687990382581,0.195199055035,-0.376208787799,0.26767964718,2.99394699933,0.958737991333,3.06067516353,95.8609237671
5.722271,-0.6070728961120606,0.23354857468872073,-0.028378644543457034,1.1443496664550783,3.0595246779418948,1.660917696185303,3.0587576875488285,100.0,0.686839896991,0.196733035822,-0.376592282996,0.271131103949,2.99433049453,1.00744188129,3.06067516353,95.8609237671
5.742593,-0.6070728961120606,0.23354857468872073,-0.028378644543457034,1.1443496664550783,3.0595246779418948,1.660917696185303,3.0587576875488285,100.0,0.684155430615,0.198267016608,-0.375825292603,0.277267027094,2.99433049453,1.05614577125,3.06029166833,95.8609237671
5.762452,-0.6070728961120606,0.23354857468872073,-0.028378644543457034,1.1443496664550783,3.0595246779418948,1.660917696185303,3.0587576875488285,100.0,0.683388440222,0.199034007001,-0.376975778192,0.283402950238,2.99394699933,1.10484966121,3.06067516353,95.8609237671
5.783175,-0.6070728961120606,0.23354857468872073,-0.028378644543457034,1.1443496664550783,3.0595246779418948,1.660917696185303,3.0587576875488285,100.0,0.681087469043,0.201718473376,-0.376592282996,0.289922368579,2.99394699933,1.15470403676,3.06105865873,95.8609237671
5.802489,-0.6070728961120606,0.23354857468872073,-0.028378644543457034,1.1443496664550783,3.0595246779418948,1.660917696185303,3.0587576875488285,100.0,0.678786497864,0.202868958966,-0.376592282996,0.296825282117,2.99318000894,1.20417491711,3.06067516353,95.8609237671
5.822495,-0.6070728961120606,0.23354857468872073,-0.028378644543457034,1.1443496664550783,3.0595246779418948,1.660917696185303,3.0587576875488285,100.0,0.676102031488,0.205553425342,-0.376592282996,0.304878681244,2.99394699933,1.25134482629,3.06029166833,95.8609237671
5.842789,-0.6070728961120606,0.23354857468872073,-0.028378644543457034,1.1443496664550783,3.0595246779418948,1.660917696185303,3.0587576875488285,100.0,0.673417565112,0.207470901324,-0.376208787799,0.312548585175,2.99394699933,1.29813124026,3.06144215392,95.8609237671
5.863323,-0.6070728961120606,0.23354857468872073,-0.028378644543457034,1.1443496664550783,3.0595246779418948,1.660917696185303,3.0587576875488285,100.0,0.67150008913,0.209388377307,-0.376592282996,0.322135965088,2.99394699933,1.34223318787,3.06029166833,95.8609237671
5.882456,-0.6070728961120606,0.23354857468872073,-0.028378644543457034,1.1443496664550783,3.0595246779418948,1.660917696185303,3.0587576875488285,100.0,0.66919911795,0.212839834076,-0.376975778192,0.332490335394,2.99279651375,1.38403416429,3.06105865873,95.8609237671
5.902485,-0.6070728961120606,0.23354857468872073,-0.028378644543457034,1.1443496664550783,3.0595246779418948,1.660917696185303,3.0587576875488285,100.0,0.666131156378,0.214373814862,-0.376975778192,0.343228200897,2.99394699933,1.42391766473,3.06105865873,95.8609237671
5.922681,-0.6070728961120606,0.23354857468872073,-0.028378644543457034,1.1443496664550783,3.0595246779418948,1.660917696185303,3.0587576875488285,100.0,0.663830185199,0.216674786041,-0.376592282996,0.354733056793,2.99356350414,1.46111669879,3.06067516353,95.8609237671
5.942930,-0.6070728961120606,0.23354857468872073,-0.028378644543457034,1.1443496664550783,3.0595246779418948,1.660917696185303,3.0587576875488285,100.0,0.66037872843,0.218208766827,-0.376592282996,0.366237912689,2.99356350414,1.49563126648,3.06067516353,95.8609237671
5.963164,-0.6070728961120606,0.23354857468872073,-0.028378644543457034,1.1443496664550783,3.0595246779418948,1.660917696185303,3.0587576875488285,100.0,0.657310766858,0.219742747614,-0.376592282996,0.378893254175,2.99394699933,1.52746136779,3.06067516353,95.8609237671
5.982154,-0.6070728961120606,0.23354857468872073,-0.028378644543457034,1.1443496664550783,3.0595246779418948,1.660917696185303,3.0587576875488285,100.0,0.654242805286,0.222043718793,-0.376975778192,0.393082576447,2.99279651375,1.55622350753,3.06144215392,95.8609237671
6.002762,-0.6070728961120606,0.23354857468872073,-0.028378644543457034,1.1443496664550783,3.0595246779418948,1.660917696185303,3.0587576875488285,100.0,0.651941834106,0.222810709186,-0.376592282996,0.406121413129,2.99318000894,1.58115069531,3.06029166833,95.8609237671
6.022963,-0.6070728961120606,0.23354857468872073,-0.028378644543457034,1.1443496664550783,3.0595246779418948,1.660917696185303,3.0587576875488285,100.0,0.649257367731,0.223577699579,-0.376975778192,0.421844716187,2.99356350414,1.60300992151,3.06067516353,95.8609237671
6.042262,-0.6070728961120606,0.23354857468872073,-0.028378644543457034,1.1443496664550783,3.0595246779418948,1.660917696185303,3.0587576875488285,100.0,0.646189406158,0.225111680365,-0.377359273389,0.437951514441,2.99318000894,1.61873322457,3.06067516353,95.8609237671
6.062918,-0.6070728961120606,0.23354857468872073,-0.028378644543457034,1.1443496664550783,3.0595246779418948,1.660917696185303,3.0587576875488285,100.0,0.645038920569,0.225495175562,-0.376208787799,0.454441807892,2.99356350414,1.63177206125,3.06067516353,95.8609237671
6.083075,-0.6070728961120606,0.23354857468872073,-0.028378644543457034,1.1443496664550783,3.0595246779418948,1.660917696185303,3.0587576875488285,100.0,0.64273794939,0.225495175562,-0.375825292603,0.470548606146,2.99394699933,1.6375244892,3.06067516353,95.8609237671
6.102583,-0.6070728961120606,0.23354857468872073,-0.028378644543457034,1.1443496664550783,3.0595246779418948,1.660917696185303,3.0587576875488285,100.0,0.64043697821,0.224344689972,-0.376592282996,0.487038899597,2.99394699933,1.64059245077,3.05837419235,95.8609237671
6.122610,-0.6070728961120606,0.23354857468872073,-0.028378644543457034,1.1443496664550783,3.0595246779418948,1.660917696185303,3.0587576875488285,100.0,0.638902997424,0.225111680365,-0.376592282996,0.504679678638,2.99394699933,1.6375244892,3.05453924039,95.8609237671
6.142811,-0.6070728961120606,0.23354857468872073,-0.028378644543457034,1.1443496664550783,3.0595246779418948,1.660917696185303,3.0587576875488285,100.0,0.637369016638,0.223194204382,-0.376975778192,0.519635991302,2.99394699933,1.63177206125,3.05223826921,95.8609237671
6.163015,-0.6070728961120606,0.23354857468872073,-0.028378644543457034,1.1443496664550783,3.0595246779418948,1.660917696185303,3.0587576875488285,100.0,0.635451540656,0.222810709186,-0.376592282996,0.535742789557,2.99318000894,1.62026720535,3.05223826921,95.8609237671
6.183157,-0.6070728961120606,0.23354857468872073,-0.028378644543457034,1.1443496664550783,3.0595246779418948,1.660917696185303,3.0587576875488285,100.0,0.633917559869,0.222427213989,-0.376975778192,0.549548616632,2.99394699933,1.60761186387,3.05185477401,95.8609237671
6.202413,-0.6070728961120606,0.23354857468872073,-0.028378644543457034,1.1443496664550783,3.0595246779418948,1.660917696185303,3.0587576875488285,100.0,0.632000083887,0.2212767284,-0.376975778192,0.562203958118,2.99394699933,1.59035458002,3.05223826921,95.8609237671
6.222578,-0.6070728961120606,0.23354857468872073,-0.028378644543457034,1.1443496664550783,3.0595246779418948,1.660917696185303,3.0587576875488285,100.0,0.629699112708,0.219742747614,-0.377359273389,0.573708814014,2.99318000894,1.56887884902,3.05223826921,95.8609237671
6.242754,-0.6070728961120606,0.23354857468872073,-0.028378644543457034,1.1443496664550783,3.0595246779418948,1.660917696185303,3.0587576875488285,100.0,0.628165131921,0.220509738007,-0.376592282996,0.58406318432,2.99126253296,1.54433515644,3.05223826921,95.8609237671
6.263280,-0.6070728961120606,0.23354857468872073,-0.028378644543457034,1.1443496664550783,3.0595246779418948,1.660917696185303,3.0587576875488285,100.0,0.626631151135,0.219359252417,-0.377359273389,0.59288357384,2.99164602816,1.51710699749,3.05185477401,95.8609237671
6.282309,-0.6070728961120606,0.23354857468872073,-0.028378644543457034,1.1443496664550783,3.0595246779418948,1.660917696185303,3.0587576875488285,100.0,0.625480665546,0.21897575722,-0.377359273389,0.600169982574,2.99087903776,1.48681087696,3.05223826921,95.8609237671
6.302545,-0.6070728961120606,0.23354857468872073,-0.028378644543457034,1.1443496664550783,3.0595246779418948,1.660917696185303,3.0587576875488285,100.0,0.62394668476,0.218208766827,-0.378126263782,0.607072896112,2.99087903776,1.45344679486,3.05223826921,95.8609237671
6.322795,-0.6070728961120606,0.23354857468872073,-0.028378644543457034,1.1443496664550783,3.0595246779418948,1.660917696185303,3.0587576875488285,100.0,0.623563189563,0.218208766827,-0.378509758978,0.610907848077,2.99049554257,1.41701475119,3.05185477401,95.8609237671
6.342944,-0.6070728961120606,0.23354857468872073,-0.028378644543457034,1.1443496664550783,3.0595246779418948,1.660917696185303,3.0587576875488285,100.0,0.623563189563,0.218208766827,-0.380043739764,0.61397580965,2.99126253296,1.37674775555,3.05185477401,95.8609237671
6.362302,-0.6070728961120606,0.23354857468872073,-0.028378644543457034,1.1443496664550783,3.0595246779418948,1.660917696185303,3.0587576875488285,100.0,0.622029208777,0.217441776434,-0.380810730157,0.615126295239,2.99126253296,1.33571376953,3.05108778362,95.8609237671
6.382728,-0.6070728961120606,0.23354857468872073,-0.028378644543457034,1.1443496664550783,3.0595246779418948,1.660917696185303,3.0587576875488285,100.0,0.62164571358,0.217058281238,-0.381961215747,0.614359304846,2.99087903776,1.29084483153,3.04955380283,95.8609237671
6.402950,-0.6070728961120606,0.23354857468872073,-0.028378644543457034,1.1443496664550783,3.0595246779418948,1.660917696185303,3.0587576875488285,100.0,0.622412703973,0.216291290845,-0.384262186926,0.613208819257,2.99011204737,1.24674288393,3.04610234606,95.8609237671
6.423157,-0.6070728961120606,0.23354857468872073,-0.028378644543457034,1.1443496664550783,3.0595246779418948,1.660917696185303,3.0587576875488285,100.0,0.622029208777,0.214373814862,-0.386179662909,0.611291343274,2.99049554257,1.20149045074,3.04034991812,95.8609237671
6.443321,-0.6070728961120606,0.23354857468872073,-0.028378644543457034,1.1443496664550783,3.0595246779418948,1.660917696185303,3.0587576875488285,100.0,0.622029208777,0.211689348486,-0.387330148499,0.607072896112,2.99049554257,1.15355355117,3.03459749017,95.8609237671
6.462568,-0.6070728961120606,0.23354857468872073,-0.028378644543457034,1.1443496664550783,3.0595246779418948,1.660917696185303,3.0587576875488285,100.0,0.622412703973,0.209388377307,-0.388864129285,0.603237944147,2.98972855217,1.10484966121,3.02846156702,95.8609237671
6.482805,-0.6070728961120606,0.23354857468872073,-0.028378644543457034,1.1443496664550783,3.0595246779418948,1.660917696185303,3.0587576875488285,100.0,0.62279619917,0.207087406128,-0.388864129285,0.599786487378,2.99049554257,1.05844674243,3.02424311986,95.8609237671
6.503036,-0.6070728961120606,0.23354857468872073,-0.028378644543457034,1.1443496664550783,3.0595246779418948,1.660917696185303,3.0587576875488285,100.0,0.62279619917,0.204019444556,-0.389247624481,0.592500078644,2.98972855217,1.01281081404,3.02385962466,95.8609237671
6.522209,-0.6070728961120606,0.23354857468872073,-0.028378644543457034,1.1443496664550783,3.0595246779418948,1.660917696185303,3.0587576875488285,100.0,0.623179694366,0.200951482983,-0.389631119678,0.586364155499,2.98857806658,0.965257409674,3.02385962466,95.8609237671
6.543270,-0.6070728961120606,0.23354857468872073,-0.028378644543457034,1.1443496664550783,3.0595246779418948,1.660917696185303,3.0587576875488285,100.0,0.624330179956,0.196349540625,-0.389247624481,0.578694251569,2.98742758099,0.916553519714,3.02232564388,95.8609237671
6.562749,-0.6070728961120606,0.23354857468872073,-0.028378644543457034,1.1443496664550783,3.0595246779418948,1.660917696185303,3.0587576875488285,100.0,0.625480665546,0.192898083856,-0.388480634088,0.571791338031,2.98551010501,0.869767105737,3.02309263427,95.8609237671
6.582843,-0.6070728961120606,0.23354857468872073,-0.028378644543457034,1.1443496664550783,3.0595246779418948,1.660917696185303,3.0587576875488285,100.0,0.626631151135,0.189446627087,-0.389247624481,0.561820462921,2.98359262903,0.82413117735,3.02385962466,95.8609237671
6.602271,-0.6070728961120606,0.23354857468872073,-0.028378644543457034,1.1443496664550783,3.0595246779418948,1.660917696185303,3.0587576875488285,100.0,0.627398141528,0.185611675122,-0.388480634088,0.551849587811,2.98052466746,0.780029229749,3.02654409104,95.8609237671
6.622480,-0.6070728961120606,0.23354857468872073,-0.028378644543457034,1.1443496664550783,3.0595246779418948,1.660917696185303,3.0587576875488285,100.0,0.629699112708,0.181009732764,-0.388480634088,0.540728227112,2.97822369628,0.736310777344,3.02999554781,95.8609237671
6.642589,-0.6070728961120606,0.23354857468872073,-0.028378644543457034,1.1443496664550783,3.0595246779418948,1.660917696185303,3.0587576875488285,100.0,0.630082607904,0.177558275995,-0.388864129285,0.528072885626,2.9759227251,0.694509800922,3.03498098536,95.8609237671
6.662914,-0.6070728961120606,0.23354857468872073,-0.028378644543457034,1.1443496664550783,3.0595246779418948,1.660917696185303,3.0587576875488285,100.0,0.63276707428,0.175257304816,-0.388097138892,0.515034048944,2.97362175392,0.654626300482,3.0415004037,95.8609237671
6.683190,-0.6070728961120606,0.23354857468872073,-0.028378644543457034,1.1443496664550783,3.0595246779418948,1.660917696185303,3.0587576875488285,100.0,0.634684550262,0.171805848047,-0.387330148499,0.501611717065,2.97170427794,0.619728237598,3.04878681244,95.8609237671
6.702521,-0.6070728961120606,0.23354857468872073,-0.028378644543457034,1.1443496664550783,3.0595246779418948,1.660917696185303,3.0587576875488285,100.0,0.637369016638,0.170271867261,-0.388097138892,0.487422394794,2.97055379235,0.587898136285,3.05952467794,95.8609237671