time,left_s0,left_s1,left_e0,left_e1,left_w0,left_w1,left_w2,left_gripper,right_s0,right_s1,right_e0,right_e1,right_w0,right_w1,right_w2,right_gripper
0.662586,-0.6070728961120606,0.23354857468872073,-0.028378644543457034,1.1443496664550783,3.0595246779418948,1.660917696185303,3.0587576875488285,100.0,-1.2279516193,0.681854459436,-0.126936910052,0.733242815771,0.447155399158,0.235849545868,3.03804894694,95.8609237671
0.664348,-0.6070728961120606,0.23354857468872073,-0.028378644543457034,1.1443496664550783,3.0595246779418948,1.660917696185303,3.0587576875488285,100.0,-1.22948560009,0.677636012274,-0.123485453284,0.732475825378,0.447538894354,0.232014593903,3.03728195654,95.8609237671
0.673998,-0.6070728961120606,0.23354857468872073,-0.028378644543457034,1.1443496664550783,3.0595246779418948,1.660917696185303,3.0587576875488285,100.0,-1.22948560009,0.677636012274,-0.123485453284,0.732475825378,0.447538894354,0.232014593903,3.03728195654,95.8609237671
0.683640,-0.6070728961120606,0.23354857468872073,-0.028378644543457034,1.1443496664550783,3.0595246779418948,1.660917696185303,3.0587576875488285,100.0,-1.23140307607,0.672650574719,-0.120417491711,0.732475825378,0.447538894354,0.230864108313,3.03766545174,95.8609237671
0.693772,-0.6070728961120606,0.23354857468872073,-0.028378644543457034,1.1443496664550783,3.0595246779418948,1.660917696185303,3.0587576875488285,100.0,-1.23370404725,0.666898146771,-0.117349530139,0.730941844592,0.447538894354,0.229713622723,3.03766545174,95.8609237671
0.703031,-0.6070728961120606,0.23354857468872073,-0.028378644543457034,1.1443496664550783,3.0595246779418948,1.660917696185303,3.0587576875488285,100.0,-1.23523802803,0.660762223627,-0.11389807337,0.729407863806,0.447538894354,0.22894663233,3.03728195654,95.8609237671
0.713574,-0.6070728961120606,0.23354857468872073,-0.028378644543457034,1.1443496664550783,3.0595246779418948,1.660917696185303,3.0587576875488285,100.0,-1.23753899921,0.655393290875,-0.110063121405,0.728640873413,0.447538894354,0.226262165955,3.03689846135,95.8609237671
0.723166,-0.6070728961120606,0.23354857468872073,-0.028378644543457034,1.1443496664550783,3.0595246779418948,1.660917696185303,3.0587576875488285,100.0,-1.2394564752,0.65040785332,-0.106611664636,0.727106892627,0.447538894354,0.225111680365,3.03728195654,95.8609237671
0.733451,-0.6070728961120606,0.23354857468872073,-0.028378644543457034,1.1443496664550783,3.0595246779418948,1.660917696185303,3.0587576875488285,100.0,-1.24367492236,0.638519502228,-0.100092246295,0.724805921448,0.447538894354,0.222810709186,3.03804894694,95.8609237671
0.744629,-0.6070728961120606,0.23354857468872073,-0.028378644543457034,1.1443496664550783,3.0595246779418948,1.660917696185303,3.0587576875488285,100.0,-1.24482540795,0.63276707428,-0.0962572943298,0.723271940662,0.447538894354,0.220893233203,3.03804894694,95.8609237671
0.754013,-0.6070728961120606,0.23354857468872073,-0.028378644543457034,1.1443496664550783,3.0595246779418948,1.660917696185303,3.0587576875488285,100.0,-1.24674288393,0.626631151135,-0.0935728279541,0.721737959875,0.447922389551,0.220893233203,3.03804894694,95.8609237671
0.764604,-0.6070728961120606,0.23354857468872073,-0.028378644543457034,1.1443496664550783,3.0595246779418948,1.660917696185303,3.0587576875488285,100.0,-1.24866035991,0.620495227991,-0.0905048663818,0.720203979089,0.447538894354,0.220509738007,3.03766545174,95.8609237671
0.774003,-0.6070728961120606,0.23354857468872073,-0.028378644543457034,1.1443496664550783,3.0595246779418948,1.660917696185303,3.0587576875488285,100.0,-1.25057783589,0.61397580965,-0.08628641922,0.7190534935,0.447538894354,0.219742747614,3.03766545174,95.8609237671
0.784122,-0.6070728961120606,0.23354857468872073,-0.028378644543457034,1.1443496664550783,3.0595246779418948,1.660917696185303,3.0587576875488285,100.0,-1.25134482629,0.607839886505,-0.0832184576477,0.716752522321,0.447538894354,0.220893233203,3.03766545174,95.8609237671
0.793324,-0.6070728961120606,0.23354857468872073,-0.028378644543457034,1.1443496664550783,3.0595246779418948,1.660917696185303,3.0587576875488285,100.0,-1.25134482629,0.607839886505,-0.0832184576477,0.716752522321,0.447538894354,0.220893233203,3.03766545174,95.8609237671
0.803535,-0.6070728961120606,0.23354857468872073,-0.028378644543457034,1.1443496664550783,3.0595246779418948,1.660917696185303,3.0587576875488285,100.0,-1.25364579747,0.601703963361,-0.0786165152893,0.714451551141,0.447538894354,0.2212767284,3.03728195654,95.8609237671
0.813282,-0.6070728961120606,0.23354857468872073,-0.028378644543457034,1.1443496664550783,3.0595246779418948,1.660917696185303,3.0587576875488285,100.0,-1.25479628306,0.595568040216,-0.0766990393066,0.712534075159,0.447922389551,0.222427213989,3.03766545174,95.8609237671
0.823988,-0.6070728961120606,0.23354857468872073,-0.028378644543457034,1.1443496664550783,3.0595246779418948,1.660917696185303,3.0587576875488285,100.0,-1.25748074943,0.582529203534,-0.069796125769,0.710233103979,0.447155399158,0.222810709186,3.03728195654,95.8609237671
0.834462,-0.6070728961120606,0.23354857468872073,-0.028378644543457034,1.1443496664550783,3.0595246779418948,1.660917696185303,3.0587576875488285,100.0,-1.25863123502,0.575626289996,-0.0651941834106,0.708315627997,0.448305884747,0.223194204382,3.03728195654,95.8609237671
0.843061,-0.6070728961120606,0.23354857468872073,-0.028378644543457034,1.1443496664550783,3.0595246779418948,1.660917696185303,3.0587576875488285,100.0,-1.25863123502,0.575626289996,-0.0651941834106,0.708315627997,0.448305884747,0.223194204382,3.03728195654,95.8609237671
0.854118,-0.6070728961120606,0.23354857468872073,-0.028378644543457034,1.1443496664550783,3.0595246779418948,1.660917696185303,3.0587576875488285,100.0,-1.26169919659,0.562970948511,-0.05752427948,0.704097180835,0.447922389551,0.222043718793,3.03766545174,95.8609237671
0.863727,-0.6070728961120606,0.23354857468872073,-0.028378644543457034,1.1443496664550783,3.0595246779418948,1.660917696185303,3.0587576875488285,100.0,-1.26284968218,0.55645153017,-0.0536893275146,0.704097180835,0.447922389551,0.222043718793,3.03766545174,95.8609237671
0.873287,-0.6070728961120606,0.23354857468872073,-0.028378644543457034,1.1443496664550783,3.0595246779418948,1.660917696185303,3.0587576875488285,100.0,-1.26400016777,0.549932111829,-0.0498543755493,0.702179704852,0.447922389551,0.222427213989,3.03804894694,95.8609237671
0.883288,-0.6070728961120606,0.23354857468872073,-0.028378644543457034,1.1443496664550783,3.0595246779418948,1.660917696185303,3.0587576875488285,100.0,-1.26400016777,0.549932111829,-0.0498543755493,0.702179704852,0.447922389551,0.222427213989,3.03804894694,95.8609237671
0.894437,-0.6070728961120606,0.23354857468872073,-0.028378644543457034,1.1443496664550783,3.0595246779418948,1.660917696185303,3.0587576875488285,100.0,-1.26476715817,0.543029198291,-0.0464029187805,0.700645724066,0.448689379944,0.222810709186,3.03843244213,95.8609237671
0.903923,-0.6070728961120606,0.23354857468872073,-0.028378644543457034,1.1443496664550783,3.0595246779418948,1.660917696185303,3.0587576875488285,100.0,-1.26630113895,0.536126284753,-0.0421844716187,0.698728248083,0.448689379944,0.222810709186,3.03843244213,95.8609237671
0.913544,-0.6070728961120606,0.23354857468872073,-0.028378644543457034,1.1443496664550783,3.0595246779418948,1.660917696185303,3.0587576875488285,100.0,-1.26821861494,0.522703952875,-0.0341310724915,0.696043781708,0.44907287514,0.224344689972,3.03804894694,95.8609237671
0.923752,-0.6070728961120606,0.23354857468872073,-0.028378644543457034,1.1443496664550783,3.0595246779418948,1.660917696185303,3.0587576875488285,100.0,-1.26821861494,0.522703952875,-0.0341310724915,0.696043781708,0.44907287514,0.224344689972,3.03804894694,95.8609237671
0.933418,-0.6070728961120606,0.23354857468872073,-0.028378644543457034,1.1443496664550783,3.0595246779418948,1.660917696185303,3.0587576875488285,100.0,-1.26936910052,0.515801039337,-0.0299126253296,0.694126305725,0.45022336073,0.223194204382,3.03804894694,95.8609237671
0.943495,-0.6070728961120606,0.23354857468872073,-0.028378644543457034,1.1443496664550783,3.0595246779418948,1.660917696185303,3.0587576875488285,100.0,-1.27013609092,0.508514630603,-0.0256941781677,0.693359315332,0.45137384632,0.224728185168,3.03843244213,95.8609237671
0.953727,-0.6070728961120606,0.23354857468872073,-0.028378644543457034,1.1443496664550783,3.0595246779418948,1.660917696185303,3.0587576875488285,100.0,-1.27090308131,0.501995212262,-0.0214757310059,0.691441839349,0.452524331909,0.223194204382,3.03919943253,95.8609237671
0.964059,-0.6070728961120606,0.23354857468872073,-0.028378644543457034,1.1443496664550783,3.0595246779418948,1.660917696185303,3.0587576875488285,100.0,-1.27397104288,0.487038899597,-0.0134223318787,0.688757372974,0.455208798285,0.223577699579,3.04034991812,95.8609237671
0.973583,-0.6070728961120606,0.23354857468872073,-0.028378644543457034,1.1443496664550783,3.0595246779418948,1.660917696185303,3.0587576875488285,100.0,-1.27397104288,0.480519481256,-0.00882038952026,0.687990382581,0.457509769464,0.223961194775,3.0415004037,95.8609237671
0.984503,-0.6070728961120606,0.23354857468872073,-0.028378644543457034,1.1443496664550783,3.0595246779418948,1.660917696185303,3.0587576875488285,100.0,-1.27512152847,0.473233072522,-0.00421844716187,0.686456401794,0.459427245447,0.223961194775,3.04265088929,95.8609237671
0.993418,-0.6070728961120606,0.23354857468872073,-0.028378644543457034,1.1443496664550783,3.0595246779418948,1.660917696185303,3.0587576875488285,100.0,-1.27665550926,0.464796178198,0.000383495196533,0.685305916205,0.462878702216,0.223577699579,3.04418487008,95.8609237671
1.004031,-0.6070728961120606,0.23354857468872073,-0.028378644543457034,1.1443496664550783,3.0595246779418948,1.660917696185303,3.0587576875488285,100.0,-1.27665550926,0.464796178198,0.000383495196533,0.685305916205,0.462878702216,0.223577699579,3.04418487008,95.8609237671
1.013964,-0.6070728961120606,0.23354857468872073,-0.028378644543457034,1.1443496664550783,3.0595246779418948,1.660917696185303,3.0587576875488285,100.0,-1.27780599485,0.450990351123,0.00997087510986,0.683388440222,0.468247634967,0.224728185168,3.04686933646,95.8609237671
1.024722,-0.6070728961120606,0.23354857468872073,-0.028378644543457034,1.1443496664550783,3.0595246779418948,1.660917696185303,3.0587576875488285,100.0,-1.27818949005,0.442169961603,0.0149563126648,0.681854459436,0.471315596539,0.225495175562,3.04878681244,95.8609237671
1.033340,-0.6070728961120606,0.23354857468872073,-0.028378644543457034,1.1443496664550783,3.0595246779418948,1.660917696185303,3.0587576875488285,100.0,-1.27818949005,0.442169961603,0.0149563126648,0.681854459436,0.471315596539,0.225495175562,3.04878681244,95.8609237671
1.043408,-0.6070728961120606,0.23354857468872073,-0.028378644543457034,1.1443496664550783,3.0595246779418948,1.660917696185303,3.0587576875488285,100.0,-1.27895648044,0.434116562476,0.0187912646301,0.681854459436,0.475150548505,0.225495175562,3.04993729803,95.8609237671
1.054133,-0.6070728961120606,0.23354857468872073,-0.028378644543457034,1.1443496664550783,3.0595246779418948,1.660917696185303,3.0587576875488285,100.0,-1.27972347083,0.426446658545,0.0245436925781,0.681854459436,0.479752490863,0.225878670758,3.05147127881,95.8609237671
1.063060,-0.6070728961120606,0.23354857468872073,-0.028378644543457034,1.1443496664550783,3.0595246779418948,1.660917696185303,3.0587576875488285,100.0,-1.28049046122,0.418393259418,0.0295291301331,0.680703973846,0.483587442828,0.226262165955,3.0530052596,95.8609237671
1.074357,-0.6070728961120606,0.23354857468872073,-0.028378644543457034,1.1443496664550783,3.0595246779418948,1.660917696185303,3.0587576875488285,100.0,-1.28164094681,0.40151947077,0.0398835004395,0.67916999306,0.492407832349,0.227796146741,3.05645671637,95.8609237671
1.083555,-0.6070728961120606,0.23354857468872073,-0.028378644543457034,1.1443496664550783,3.0595246779418948,1.660917696185303,3.0587576875488285,100.0,-1.28164094681,0.40151947077,0.0398835004395,0.67916999306,0.492407832349,0.227796146741,3.05645671637,95.8609237671
1.094793,-0.6070728961120606,0.23354857468872073,-0.028378644543457034,1.1443496664550783,3.0595246779418948,1.660917696185303,3.0587576875488285,100.0,-1.28240793721,0.384645682123,0.0502378707458,0.678019507471,0.503529193048,0.228563137134,3.05837419235,95.8609237671
1.103765,-0.6070728961120606,0.23354857468872073,-0.028378644543457034,1.1443496664550783,3.0595246779418948,1.660917696185303,3.0587576875488285,100.0,-1.2827914324,0.376208787799,0.0556068034973,0.678019507471,0.508514630603,0.22894663233,3.05837419235,95.8609237671
1.114119,-0.6070728961120606,0.23354857468872073,-0.028378644543457034,1.1443496664550783,3.0595246779418948,1.660917696185303,3.0587576875488285,100.0,-1.2831749276,0.367388398279,0.0609757362488,0.676869021881,0.514267058551,0.22894663233,3.05837419235,95.8609237671
1.123771,-0.6070728961120606,0.23354857468872073,-0.028378644543457034,1.1443496664550783,3.0595246779418948,1.660917696185303,3.0587576875488285,100.0,-1.2831749276,0.367388398279,0.0609757362488,0.676869021881,0.514267058551,0.230480613116,3.05875768755,95.8609237671
1.133873,-0.6070728961120606,0.23354857468872073,-0.028378644543457034,1.1443496664550783,3.0595246779418948,1.660917696185303,3.0587576875488285,100.0,-1.2835584228,0.349364124042,0.0709466113586,0.676485526685,0.52768939043,0.232781584296,3.06029166833,95.8609237671
1.144338,-0.6070728961120606,0.23354857468872073,-0.028378644543457034,1.1443496664550783,3.0595246779418948,1.660917696185303,3.0587576875488285,100.0,-1.2831749276,0.342077715308,0.0766990393066,0.676102031488,0.533825313574,0.232398089099,3.06067516353,95.8609237671
1.153033,-0.6070728961120606,0.23354857468872073,-0.028378644543457034,1.1443496664550783,3.0595246779418948,1.660917696185303,3.0587576875488285,100.0,-1.2831749276,0.342077715308,0.0766990393066,0.676102031488,0.533825313574,0.232398089099,3.06067516353,95.8609237671
1.163676,-0.6070728961120606,0.23354857468872073,-0.028378644543457034,1.1443496664550783,3.0595246779418948,1.660917696185303,3.0587576875488285,100.0,-1.28394191799,0.332106840198,0.0820679720581,0.674568050702,0.542645703094,0.233932069885,3.06067516353,95.8609237671
1.173810,-0.6070728961120606,0.23354857468872073,-0.028378644543457034,1.1443496664550783,3.0595246779418948,1.660917696185303,3.0587576875488285,100.0,-1.28470890839,0.324053441071,0.0866699144165,0.674568050702,0.550699102222,0.234699060278,3.06029166833,95.8609237671
1.184081,-0.6070728961120606,0.23354857468872073,-0.028378644543457034,1.1443496664550783,3.0595246779418948,1.660917696185303,3.0587576875488285,100.0,-1.28432541319,0.307179652423,0.0962572943298,0.673034069916,0.567572890869,0.237000031458,3.05990817314,95.8609237671
1.193557,-0.6070728961120606,0.23354857468872073,-0.028378644543457034,1.1443496664550783,3.0595246779418948,1.660917696185303,3.0587576875488285,100.0,-1.28432541319,0.307179652423,0.0962572943298,0.673034069916,0.567572890869,0.237000031458,3.05952467794,95.8609237671
1.204734,-0.6070728961120606,0.23354857468872073,-0.028378644543457034,1.1443496664550783,3.0595246779418948,1.660917696185303,3.0587576875488285,100.0,-1.28470890839,0.289922368579,0.107378655029,0.671116593933,0.585597165106,0.239684497833,3.06029166833,95.8609237671
1.214117,-0.6070728961120606,0.23354857468872073,-0.028378644543457034,1.1443496664550783,3.0595246779418948,1.660917696185303,3.0587576875488285,100.0,-1.28394191799,0.281101979059,0.112747587781,0.669966108344,0.59518454502,0.240451488226,3.06067516353,95.8609237671
1.223059,-0.6070728961120606,0.23354857468872073,-0.028378644543457034,1.1443496664550783,3.0595246779418948,1.660917696185303,3.0587576875488285,100.0,-1.28394191799,0.281101979059,0.112747587781,0.669966108344,0.59518454502,0.240451488226,3.06067516353,95.8609237671
1.233570,-0.6070728961120606,0.23354857468872073,-0.028378644543457034,1.1443496664550783,3.0595246779418948,1.660917696185303,3.0587576875488285,100.0,-1.2835584228,0.272281589539,0.116966034943,0.668815622754,0.605538915326,0.241601973816,3.05990817314,95.8609237671
1.243247,-0.6070728961120606,0.23354857468872073,-0.028378644543457034,1.1443496664550783,3.0595246779418948,1.660917696185303,3.0587576875488285,100.0,-1.2831749276,0.255791296088,0.127320405249,0.666514651575,0.626247655939,0.244286440192,3.05990817314,95.8609237671
1.253643,-0.6070728961120606,0.23354857468872073,-0.028378644543457034,1.1443496664550783,3.0595246779418948,1.660917696185303,3.0587576875488285,100.0,-1.2831749276,0.255791296088,0.127320405249,0.666514651575,0.626247655939,0.244286440192,3.05990817314,95.8609237671
1.264348,-0.6070728961120606,0.23354857468872073,-0.028378644543457034,1.1443496664550783,3.0595246779418948,1.660917696185303,3.0587576875488285,100.0,-1.2831749276,0.238534012244,0.136140794769,0.663446690002,0.649640862927,0.246587411371,3.06029166833,95.8609237671
1.273338,-0.6070728961120606,0.23354857468872073,-0.028378644543457034,1.1443496664550783,3.0595246779418948,1.660917696185303,3.0587576875488285,100.0,-1.2831749276,0.238534012244,0.136140794769,0.663446690002,0.649640862927,0.246587411371,3.06029166833,95.8609237671
1.284632,-0.6070728961120606,0.23354857468872073,-0.028378644543457034,1.1443496664550783,3.0595246779418948,1.660917696185303,3.0587576875488285,100.0,-1.2827914324,0.220893233203,0.146111669879,0.66152921402,0.674951545898,0.249655372943,3.06029166833,95.8609237671
1.293530,-0.6070728961120606,0.23354857468872073,-0.028378644543457034,1.1443496664550783,3.0595246779418948,1.660917696185303,3.0587576875488285,100.0,-1.2827914324,0.220893233203,0.146111669879,0.66152921402,0.674951545898,0.249655372943,3.06029166833,95.8609237671
1.303343,-0.6070728961120606,0.23354857468872073,-0.028378644543457034,1.1443496664550783,3.0595246779418948,1.660917696185303,3.0587576875488285,100.0,-1.28164094681,0.212456338879,0.151480602631,0.659611738037,0.687990382581,0.250422363336,3.05990817314,95.8609237671
1.314195,-0.6070728961120606,0.23354857468872073,-0.028378644543457034,1.1443496664550783,3.0595246779418948,1.660917696185303,3.0587576875488285,100.0,-1.28240793721,0.195966045428,0.161067982544,0.655776786072,0.715985531927,0.253106829712,3.06029166833,95.8609237671
1.323600,-0.6070728961120606,0.23354857468872073,-0.028378644543457034,1.1443496664550783,3.0595246779418948,1.660917696185303,3.0587576875488285,100.0,-1.28240793721,0.195966045428,0.161067982544,0.655776786072,0.715985531927,0.253106829712,3.06029166833,95.8609237671
1.334150,-0.6070728961120606,0.23354857468872073,-0.028378644543457034,1.1443496664550783,3.0595246779418948,1.660917696185303,3.0587576875488285,100.0,-1.28202444201,0.188296141498,0.165669924902,0.654242805286,0.729407863806,0.254257315302,3.06029166833,95.8609237671
1.343032,-0.6070728961120606,0.23354857468872073,-0.028378644543457034,1.1443496664550783,3.0595246779418948,1.660917696185303,3.0587576875488285,100.0,-1.28125745162,0.179475751978,0.170655362457,0.65155833891,0.743597186078,0.256174791284,3.06029166833,95.8609237671
1.353049,-0.6070728961120606,0.23354857468872073,-0.028378644543457034,1.1443496664550783,3.0595246779418948,1.660917696185303,3.0587576875488285,100.0,-1.28240793721,0.171805848047,0.175257304816,0.649257367731,0.75778650835,0.256558286481,3.05952467794,95.8609237671
1.363058,-0.6070728961120606,0.23354857468872073,-0.028378644543457034,1.1443496664550783,3.0595246779418948,1.660917696185303,3.0587576875488285,100.0,-1.28202444201,0.16375244892,0.179092256781,0.646956396552,0.773893306604,0.259242752856,3.06029166833,95.8609237671
1.373971,-0.6070728961120606,0.23354857468872073,-0.028378644543457034,1.1443496664550783,3.0595246779418948,1.660917696185303,3.0587576875488285,100.0,-1.28240793721,0.155315554596,0.184077694336,0.644655425372,0.789233114465,0.26000974325,3.06029166833,95.8609237671
1.383308,-0.6070728961120606,0.23354857468872073,-0.028378644543457034,1.1443496664550783,3.0595246779418948,1.660917696185303,3.0587576875488285,100.0,-1.28087395642,0.148029145862,0.188296141498,0.642354454193,0.80418942713,0.262310714429,3.05990817314,95.8609237671
1.394245,-0.6070728961120606,0.23354857468872073,-0.028378644543457034,1.1443496664550783,3.0595246779418948,1.660917696185303,3.0587576875488285,100.0,-1.28087395642,0.139592251538,0.194815559839,0.636985521442,0.819912730188,0.264228190411,3.05990817314,95.8609237671
1.403434,-0.6070728961120606,0.23354857468872073,-0.028378644543457034,1.1443496664550783,3.0595246779418948,1.660917696185303,3.0587576875488285,100.0,-1.28164094681,0.132305842804,0.194815559839,0.636985521442,0.835252538049,0.265762171198,3.05990817314,95.8609237671
1.413826,-0.6070728961120606,0.23354857468872073,-0.028378644543457034,1.1443496664550783,3.0595246779418948,1.660917696185303,3.0587576875488285,100.0,-1.28049046122,0.12386894848,0.199034007001,0.633917559869,0.850592345911,0.268063142377,3.06029166833,95.8609237671
1.424405,-0.6070728961120606,0.23354857468872073,-0.028378644543457034,1.1443496664550783,3.0595246779418948,1.660917696185303,3.0587576875488285,100.0,-1.28010696603,0.108912635815,0.204786434949,0.626247655939,0.88165545683,0.272281589539,3.05990817314,95.8609237671
1.433944,-0.6070728961120606,0.23354857468872073,-0.028378644543457034,1.1443496664550783,3.0595246779418948,1.660917696185303,3.0587576875488285,100.0,-1.27895648044,0.102009722278,0.208237891718,0.62164571358,0.896995264691,0.274966055914,3.06067516353,95.8609237671
1.443438,-0.6070728961120606,0.23354857468872073,-0.028378644543457034,1.1443496664550783,3.0595246779418948,1.660917696185303,3.0587576875488285,100.0,-1.27857298524,0.0935728279541,0.2101553677,0.617043771222,0.911951577356,0.27765052229,3.06067516353,95.8609237671
1.453507,-0.6070728961120606,0.23354857468872073,-0.028378644543457034,1.1443496664550783,3.0595246779418948,1.660917696185303,3.0587576875488285,100.0,-1.27780599485,0.087053409613,0.212456338879,0.61282532406,0.927674880414,0.280718483862,3.05952467794,95.8609237671
1.464403,-0.6070728961120606,0.23354857468872073,-0.028378644543457034,1.1443496664550783,3.0595246779418948,1.660917696185303,3.0587576875488285,100.0,-1.27665550926,0.0801504960754,0.213223329272,0.607072896112,0.943398183472,0.283786445435,3.05990817314,95.8609237671
1.473540,-0.6070728961120606,0.23354857468872073,-0.028378644543457034,1.1443496664550783,3.0595246779418948,1.660917696185303,3.0587576875488285,100.0,-1.27665550926,0.0801504960754,0.213223329272,0.607072896112,0.943398183472,0.283786445435,3.05990817314,95.8609237671
1.484317,-0.6070728961120606,0.23354857468872073,-0.028378644543457034,1.1443496664550783,3.0595246779418948,1.660917696185303,3.0587576875488285,100.0,-1.27512152847,0.0667281641968,0.217441776434,0.596718525806,0.975228284784,0.288388387793,3.05990817314,95.8609237671
1.494340,-0.6070728961120606,0.23354857468872073,-0.028378644543457034,1.1443496664550783,3.0595246779418948,1.660917696185303,3.0587576875488285,100.0,-1.27435453808,0.0594417554626,0.2212767284,0.591733088251,0.988267121466,0.290689358972,3.06029166833,95.8609237671
1.504499,-0.6070728961120606,0.23354857468872073,-0.028378644543457034,1.1443496664550783,3.0595246779418948,1.660917696185303,3.0587576875488285,100.0,-1.27435453808,0.0533058323181,0.223577699579,0.584830174713,1.00245644374,0.292223339758,3.05952467794,95.8609237671
1.513553,-0.6070728961120606,0.23354857468872073,-0.028378644543457034,1.1443496664550783,3.0595246779418948,1.660917696185303,3.0587576875488285,100.0,-1.27435453808,0.0533058323181,0.223577699579,0.584830174713,1.00245644374,0.292223339758,3.05952467794,95.8609237671
1.523698,-0.6070728961120606,0.23354857468872073,-0.028378644543457034,1.1443496664550783,3.0595246779418948,1.660917696185303,3.0587576875488285,100.0,-1.27358754769,0.0475534043701,0.225111680365,0.578694251569,1.0174127564,0.294524310938,3.05990817314,95.8609237671
1.534056,-0.6070728961120606,0.23354857468872073,-0.028378644543457034,1.1443496664550783,3.0595246779418948,1.660917696185303,3.0587576875488285,100.0,-1.2716700717,0.0352815580811,0.22894663233,0.566805900476,1.04809237213,0.302961205261,3.06029166833,95.8609237671
1.543886,-0.6070728961120606,0.23354857468872073,-0.028378644543457034,1.1443496664550783,3.0595246779418948,1.660917696185303,3.0587576875488285,100.0,-1.27090308131,0.0291456349365,0.230864108313,0.559902986938,1.06266518959,0.306029166833,3.05990817314,95.8609237671
1.553985,-0.6070728961120606,0.23354857468872073,-0.028378644543457034,1.1443496664550783,3.0595246779418948,1.660917696185303,3.0587576875488285,100.0,-1.27051958611,0.0233932069885,0.232398089099,0.552616578204,1.07800499745,0.30756314762,3.05990817314,95.8609237671
1.563592,-0.6070728961120606,0.23354857468872073,-0.028378644543457034,1.1443496664550783,3.0595246779418948,1.660917696185303,3.0587576875488285,100.0,-1.27051958611,0.0233932069885,0.232398089099,0.552616578204,1.07800499745,0.30756314762,3.05990817314,95.8609237671
1.573052,-0.6070728961120606,0.23354857468872073,-0.028378644543457034,1.1443496664550783,3.0595246779418948,1.660917696185303,3.0587576875488285,100.0,-1.27013609092,0.0176407790405,0.233548574689,0.54533016947,1.09411179571,0.310247613995,3.06029166833,95.8609237671
1.583965,-0.6070728961120606,0.23354857468872073,-0.028378644543457034,1.1443496664550783,3.0595246779418948,1.660917696185303,3.0587576875488285,100.0,-1.26898560533,0.0122718462891,0.235849545868,0.530757352002,1.12555840182,0.316000041943,3.06029166833,95.8609237671
1.594423,-0.6070728961120606,0.23354857468872073,-0.028378644543457034,1.1443496664550783,3.0595246779418948,1.660917696185303,3.0587576875488285,100.0,-1.26745162454,0.00191747598267,0.236233041064,0.522320457678,1.14051471449,0.318684508319,3.05990817314,95.8609237671
1.603342,-0.6070728961120606,0.23354857468872073,-0.028378644543457034,1.1443496664550783,3.0595246779418948,1.660917696185303,3.0587576875488285,100.0,-1.26745162454,0.00191747598267,0.236233041064,0.522320457678,1.14051471449,0.318684508319,3.05990817314,95.8609237671
1.613845,-0.6070728961120606,0.23354857468872073,-0.028378644543457034,1.1443496664550783,3.0595246779418948,1.660917696185303,3.0587576875488285,100.0,-1.26438366297,-0.0080533991272,0.237000031458,0.50659715462,1.17042733982,0.323669945874,3.06029166833,95.8609237671
1.623460,-0.6070728961120606,0.23354857468872073,-0.028378644543457034,1.1443496664550783,3.0595246779418948,1.660917696185303,3.0587576875488285,100.0,-1.26438366297,-0.0080533991272,0.237000031458,0.50659715462,1.17042733982,0.323669945874,3.06029166833,95.8609237671
1.633211,-0.6070728961120606,0.23354857468872073,-0.028378644543457034,1.1443496664550783,3.0595246779418948,1.660917696185303,3.0587576875488285,100.0,-1.26323317738,-0.0130388366821,0.237383526654,0.498543755493,1.18500015729,0.325970917053,3.05952467794,95.8609237671
1.643648,-0.6070728961120606,0.23354857468872073,-0.028378644543457034,1.1443496664550783,3.0595246779418948,1.660917696185303,3.0587576875488285,100.0,-1.26246618699,-0.0176407790405,0.236616536261,0.489339870776,1.19918947956,0.328655383429,3.06029166833,95.8609237671
1.654163,-0.6070728961120606,0.23354857468872073,-0.028378644543457034,1.1443496664550783,3.0595246779418948,1.660917696185303,3.0587576875488285,100.0,-1.25939822542,-0.0276116541504,0.236233041064,0.472849577325,1.22718462891,0.333640820984,3.05990817314,95.8609237671
1.664083,-0.6070728961120606,0.23354857468872073,-0.028378644543457034,1.1443496664550783,3.0595246779418948,1.660917696185303,3.0587576875488285,100.0,-1.25786424463,-0.0314466061157,0.237000031458,0.464029187805,1.24060696078,0.336708782556,3.05952467794,95.8609237671
1.673977,-0.6070728961120606,0.23354857468872073,-0.028378644543457034,1.1443496664550783,3.0595246779418948,1.660917696185303,3.0587576875488285,100.0,-1.25786424463,-0.0314466061157,0.237383526654,0.455208798285,1.24060696078,0.336708782556,3.05952467794,95.8609237671
1.683329,-0.6070728961120606,0.23354857468872073,-0.028378644543457034,1.1443496664550783,3.0595246779418948,1.660917696185303,3.0587576875488285,100.0,-1.25556327345,-0.0391165100464,0.236616536261,0.446004913568,1.26668463415,0.341694220111,3.05990817314,95.8609237671
1.693547,-0.6070728961120606,0.23354857468872073,-0.028378644543457034,1.1443496664550783,3.0595246779418948,1.660917696185303,3.0587576875488285,100.0,-1.25556327345,-0.0391165100464,0.236616536261,0.446004913568,1.26668463415,0.341694220111,3.05990817314,95.8609237671
1.704127,-0.6070728961120606,0.23354857468872073,-0.028378644543457034,1.1443496664550783,3.0595246779418948,1.660917696185303,3.0587576875488285,100.0,-1.25402929266,-0.0425679668152,0.237000031458,0.436801028851,1.27933997563,0.343611696094,3.06029166833,95.8609237671
1.713912,-0.6070728961120606,0.23354857468872073,-0.028378644543457034,1.1443496664550783,3.0595246779418948,1.660917696185303,3.0587576875488285,100.0,-1.25249531188,-0.0456359283875,0.237000031458,0.427597144135,1.29161182192,0.345912667273,3.05990817314,95.8609237671
1.724425,-0.6070728961120606,0.23354857468872073,-0.028378644543457034,1.1443496664550783,3.0595246779418948,1.660917696185303,3.0587576875488285,100.0,-1.24942735031,-0.0529223371216,0.237000031458,0.409572869897,1.31538852411,0.348597133649,3.06029166833,95.8609237671
1.733907,-0.6070728961120606,0.23354857468872073,-0.028378644543457034,1.1443496664550783,3.0595246779418948,1.660917696185303,3.0587576875488285,100.0,-1.24942735031,-0.0529223371216,0.237000031458,0.409572869897,1.31538852411,0.348597133649,3.06029166833,95.8609237671
1.744304,-0.6070728961120606,0.23354857468872073,-0.028378644543457034,1.1443496664550783,3.0595246779418948,1.660917696185303,3.0587576875488285,100.0,-1.24866035991,-0.0559902986938,0.237000031458,0.399218499591,1.32689338,0.350514609631,3.06067516353,95.8609237671
1.754821,-0.6070728961120606,0.23354857468872073,-0.028378644543457034,1.1443496664550783,3.0595246779418948,1.660917696185303,3.0587576875488285,100.0,-1.24482540795,-0.0617427266418,0.236616536261,0.380427234961,1.3491361014,0.353199076007,3.05952467794,95.8609237671
1.763811,-0.6070728961120606,0.23354857468872073,-0.028378644543457034,1.1443496664550783,3.0595246779418948,1.660917696185303,3.0587576875488285,100.0,-1.24482540795,-0.0617427266418,0.236616536261,0.380427234961,1.3491361014,0.353199076007,3.05952467794,95.8609237671
1.774252,-0.6070728961120606,0.23354857468872073,-0.028378644543457034,1.1443496664550783,3.0595246779418948,1.660917696185303,3.0587576875488285,100.0,-1.24175744637,-0.0667281641968,0.236616536261,0.362402960724,1.37099532761,0.354733056793,3.06067516353,95.8609237671
1.784050,-0.6070728961120606,0.23354857468872073,-0.028378644543457034,1.1443496664550783,3.0595246779418948,1.660917696185303,3.0587576875488285,100.0,-1.23983997039,-0.0694126305725,0.236233041064,0.353199076007,1.38019921232,0.3539660664,3.05952467794,95.8609237671
1.794092,-0.6070728961120606,0.23354857468872073,-0.028378644543457034,1.1443496664550783,3.0595246779418948,1.660917696185303,3.0587576875488285,100.0,-1.2386894848,-0.0709466113586,0.236233041064,0.343611696094,1.38978659224,0.3539660664,3.05952467794,95.8609237671
1.803039,-0.6070728961120606,0.23354857468872073,-0.028378644543457034,1.1443496664550783,3.0595246779418948,1.660917696185303,3.0587576875488285,100.0,-1.2386894848,-0.0709466113586,0.236233041064,0.343611696094,1.38978659224,0.352048590417,3.05990817314,95.8609237671
1.814058,-0.6070728961120606,0.23354857468872073,-0.028378644543457034,1.1443496664550783,3.0595246779418948,1.660917696185303,3.0587576875488285,100.0,-1.23447103764,-0.075548553717,0.236233041064,0.327121402643,1.40704387608,0.350131114435,3.06029166833,95.8609237671
1.824290,-0.6070728961120606,0.23354857468872073,-0.028378644543457034,1.1443496664550783,3.0595246779418948,1.660917696185303,3.0587576875488285,100.0,-1.23140307607,-0.0766990393066,0.235849545868,0.317150527533,1.4158642656,0.347446648059,3.05952467794,95.8609237671
1.833528,-0.6070728961120606,0.23354857468872073,-0.028378644543457034,1.1443496664550783,3.0595246779418948,1.660917696185303,3.0587576875488285,100.0,-1.22986909528,-0.0793835056824,0.235082555475,0.308713633209,1.42353416953,0.346679657666,3.05952467794,95.8609237671
1.844109,-0.6070728961120606,0.23354857468872073,-0.028378644543457034,1.1443496664550783,3.0595246779418948,1.660917696185303,3.0587576875488285,100.0,-1.2279516193,-0.080533991272,0.234315565082,0.301043729279,1.43273805425,0.345912667273,3.05990817314,95.8609237671
1.854490,-0.6070728961120606,0.23354857468872073,-0.028378644543457034,1.1443496664550783,3.0595246779418948,1.660917696185303,3.0587576875488285,100.0,-1.22641763851,-0.0820679720581,0.233165079492,0.292223339758,1.44002446298,0.34514567688,3.05990817314,95.8609237671
1.863210,-0.6070728961120606,0.23354857468872073,-0.028378644543457034,1.1443496664550783,3.0595246779418948,1.660917696185303,3.0587576875488285,100.0,-1.22641763851,-0.0820679720581,0.233165079492,0.292223339758,1.44002446298,0.34514567688,3.05990817314,95.8609237671
1.873985,-0.6070728961120606,0.23354857468872073,-0.028378644543457034,1.1443496664550783,3.0595246779418948,1.660917696185303,3.0587576875488285,100.0,-1.22488365773,-0.0843689432373,0.232781584296,0.283402950238,1.44769436691,0.344378686487,3.06067516353,95.8609237671
1.883497,-0.6070728961120606,0.23354857468872073,-0.028378644543457034,1.1443496664550783,3.0595246779418948,1.660917696185303,3.0587576875488285,100.0,-1.22296618174,-0.0847524384338,0.232398089099,0.275733046307,1.45421378525,0.344378686487,3.06067516353,95.8609237671
1.894248,-0.6070728961120606,0.23354857468872073,-0.028378644543457034,1.1443496664550783,3.0595246779418948,1.660917696185303,3.0587576875488285,100.0,-1.22104870576,-0.087053409613,0.23009711792,0.268063142377,1.46111669879,0.344762181683,3.05990817314,95.8609237671
1.903326,-0.6070728961120606,0.23354857468872073,-0.028378644543457034,1.1443496664550783,3.0595246779418948,1.660917696185303,3.0587576875488285,100.0,-1.21951472498,-0.0874369048096,0.228563137134,0.259626248053,1.46801961233,0.34399519129,3.06067516353,95.8609237671
1.913772,-0.6070728961120606,0.23354857468872073,-0.028378644543457034,1.1443496664550783,3.0595246779418948,1.660917696185303,3.0587576875488285,100.0,-1.2168302586,-0.0885873903992,0.227412651544,0.252339839319,1.47415553547,0.344378686487,3.06029166833,95.8609237671
1.924480,-0.6070728961120606,0.23354857468872073,-0.028378644543457034,1.1443496664550783,3.0595246779418948,1.660917696185303,3.0587576875488285,100.0,-1.21337880183,-0.0905048663818,0.223961194775,0.235466050671,1.48681087696,0.344762181683,3.05990817314,95.8609237671
1.933224,-0.6070728961120606,0.23354857468872073,-0.028378644543457034,1.1443496664550783,3.0595246779418948,1.660917696185303,3.0587576875488285,100.0,-1.21337880183,-0.0905048663818,0.223961194775,0.235466050671,1.48681087696,0.344762181683,3.05990817314,95.8609237671
1.944031,-0.6070728961120606,0.23354857468872073,-0.028378644543457034,1.1443496664550783,3.0595246779418948,1.660917696185303,3.0587576875488285,100.0,-1.21031084026,-0.0916553519714,0.219359252417,0.220509738007,1.49908272325,0.344378686487,3.05990817314,95.8609237671
1.953848,-0.6070728961120606,0.23354857468872073,-0.028378644543457034,1.1443496664550783,3.0595246779418948,1.660917696185303,3.0587576875488285,100.0,-1.20877685947,-0.092805837561,0.216674786041,0.212839834076,1.50560214159,0.344378686487,3.05990817314,95.8609237671
1.963785,-0.6070728961120606,0.23354857468872073,-0.028378644543457034,1.1443496664550783,3.0595246779418948,1.660917696185303,3.0587576875488285,100.0,-1.2060923931,-0.0935728279541,0.214757310059,0.205936920538,1.51020408395,0.344762181683,3.05952467794,95.8609237671
1.974623,-0.6070728961120606,0.23354857468872073,-0.028378644543457034,1.1443496664550783,3.0595246779418948,1.660917696185303,3.0587576875488285,100.0,-1.2053254027,-0.0931893327576,0.212456338879,0.199417502197,1.5159565119,0.345529172076,3.06029166833,95.8609237671
1.983425,-0.6070728961120606,0.23354857468872073,-0.028378644543457034,1.1443496664550783,3.0595246779418948,1.660917696185303,3.0587576875488285,100.0,-1.2053254027,-0.0931893327576,0.212456338879,0.199417502197,1.5159565119,0.345529172076,3.06029166833,95.8609237671
1.994662,-0.6070728961120606,0.23354857468872073,-0.028378644543457034,1.1443496664550783,3.0595246779418948,1.660917696185303,3.0587576875488285,100.0,-1.20225744113,-0.0947233135437,0.205553425342,0.185995170319,1.5270778726,0.345912667273,3.05952467794,95.8609237671
2.004811,-0.6070728961120606,0.23354857468872073,-0.028378644543457034,1.1443496664550783,3.0595246779418948,1.660917696185303,3.0587576875488285,100.0,-1.20225744113,-0.0947233135437,0.200951482983,0.180242742371,1.53129631976,0.347063152863,3.06029166833,95.8609237671
2.013182,-0.6070728961120606,0.23354857468872073,-0.028378644543457034,1.1443496664550783,3.0595246779418948,1.660917696185303,3.0587576875488285,100.0,-1.19995646995,-0.0947233135437,0.200951482983,0.180242742371,1.53129631976,0.347063152863,3.06029166833,95.8609237671
2.024836,-0.6070728961120606,0.23354857468872073,-0.028378644543457034,1.1443496664550783,3.0595246779418948,1.660917696185303,3.0587576875488285,100.0,-1.19765549877,-0.0947233135437,0.193281579053,0.167587400885,1.54011670928,0.346296162469,3.06029166833,95.8609237671
2.034566,-0.6070728961120606,0.23354857468872073,-0.028378644543457034,1.1443496664550783,3.0595246779418948,1.660917696185303,3.0587576875488285,100.0,-1.1949710324,-0.0954903039368,0.189830122284,0.16145147774,1.54433515644,0.346296162469,3.05990817314,95.8609237671
2.044365,-0.6070728961120606,0.23354857468872073,-0.028378644543457034,1.1443496664550783,3.0595246779418948,1.660917696185303,3.0587576875488285,100.0,-1.19382054681,-0.0958737991333,0.185995170319,0.154932059399,1.5481701084,0.346679657666,3.05990817314,95.8609237671
2.054540,-0.6070728961120606,0.23354857468872073,-0.028378644543457034,1.1443496664550783,3.0595246779418948,1.660917696185303,3.0587576875488285,100.0,-1.19267006122,-0.0954903039368,0.182927208746,0.149946621844,1.55047107958,0.346679657666,3.05990817314,95.8609237671
2.063950,-0.6070728961120606,0.23354857468872073,-0.028378644543457034,1.1443496664550783,3.0595246779418948,1.660917696185303,3.0587576875488285,100.0,-1.19267006122,-0.0954903039368,0.182927208746,0.149946621844,1.55047107958,0.346679657666,3.05990817314,95.8609237671
2.074294,-0.6070728961120606,0.23354857468872073,-0.028378644543457034,1.1443496664550783,3.0595246779418948,1.660917696185303,3.0587576875488285,100.0,-1.18960209965,-0.0951068087402,0.174490314423,0.139975746735,1.55622350753,0.346296162469,3.06029166833,95.8609237671
2.083531,-0.6070728961120606,0.23354857468872073,-0.028378644543457034,1.1443496664550783,3.0595246779418948,1.660917696185303,3.0587576875488285,100.0,-1.18960209965,-0.0951068087402,0.174490314423,0.139975746735,1.55622350753,0.346296162469,3.06029166833,95.8609237671
2.093226,-0.6070728961120606,0.23354857468872073,-0.028378644543457034,1.1443496664550783,3.0595246779418948,1.660917696185303,3.0587576875488285,100.0,-1.18883510925,-0.0966407895264,0.171038857654,0.136140794769,1.55814098351,0.346296162469,3.06029166833,95.8609237671
2.103661,-0.6070728961120606,0.23354857468872073,-0.028378644543457034,1.1443496664550783,3.0595246779418948,1.660917696185303,3.0587576875488285,100.0,-1.18691763327,-0.0962572943298,0.16260196333,0.127703900446,1.56159244028,0.346296162469,3.06029166833,95.8609237671
2.113939,-0.6070728961120606,0.23354857468872073,-0.028378644543457034,1.1443496664550783,3.0595246779418948,1.660917696185303,3.0587576875488285,100.0,-1.18691763327,-0.0962572943298,0.16260196333,0.127703900446,1.56159244028,0.346296162469,3.06029166833,95.8609237671
2.123781,-0.6070728961120606,0.23354857468872073,-0.028378644543457034,1.1443496664550783,3.0595246779418948,1.660917696185303,3.0587576875488285,100.0,-1.18500015729,-0.0958737991333,0.154932059399,0.120417491711,1.56350991627,0.346296162469,3.06029166833,95.8609237671
2.134235,-0.6070728961120606,0.23354857468872073,-0.028378644543457034,1.1443496664550783,3.0595246779418948,1.660917696185303,3.0587576875488285,100.0,-1.18461666209,-0.0954903039368,0.152247593024,0.117733025336,1.56504389705,0.345912667273,3.05990817314,95.8609237671
2.144401,-0.6070728961120606,0.23354857468872073,-0.028378644543457034,1.1443496664550783,3.0595246779418948,1.660917696185303,3.0587576875488285,100.0,-1.18423316689,-0.0954903039368,0.150330117041,0.115432054156,1.56504389705,0.345529172076,3.06029166833,95.8609237671
2.154121,-0.6070728961120606,0.23354857468872073,-0.028378644543457034,1.1443496664550783,3.0595246779418948,1.660917696185303,3.0587576875488285,100.0,-1.18423316689,-0.0954903039368,0.150330117041,0.115432054156,1.56504389705,0.345529172076,3.06029166833,95.8609237671
2.163069,-0.6070728961120606,0.23354857468872073,-0.028378644543457034,1.1443496664550783,3.0595246779418948,1.660917696185303,3.0587576875488285,100.0,-1.18461666209,-0.0954903039368,0.148412641058,0.113514578174,1.56696137303,0.34514567688,3.06029166833,95.8609237671
2.173980,-0.6070728961120606,0.23354857468872073,-0.028378644543457034,1.1443496664550783,3.0595246779418948,1.660917696185303,3.0587576875488285,100.0,-1.1830826813,-0.0951068087402,0.1438106987,0.111213606995,1.56964583941,0.345529172076,3.06029166833,95.8609237671
2.183073,-0.6070728961120606,0.23354857468872073,-0.028378644543457034,1.1443496664550783,3.0595246779418948,1.660917696185303,3.0587576875488285,100.0,-1.1830826813,-0.0958737991333,0.139975746735,0.110063121405,1.5704128298,0.347446648059,3.06029166833,95.8609237671
2.193237,-0.6070728961120606,0.23354857468872073,-0.028378644543457034,1.1443496664550783,3.0595246779418948,1.660917696185303,3.0587576875488285,100.0,-1.1830826813,-0.0951068087402,0.13499030918,0.108912635815,1.570796325,0.347446648059,3.06029166833,95.8609237671
2.204435,-0.6070728961120606,0.23354857468872073,-0.028378644543457034,1.1443496664550783,3.0595246779418948,1.660917696185303,3.0587576875488285,100.0,-1.18231569091,-0.0951068087402,0.130771862018,0.108912635815,1.57002933461,0.347063152863,3.05990817314,95.8609237671
2.214017,-0.6070728961120606,0.23354857468872073,-0.028378644543457034,1.1443496664550783,3.0595246779418948,1.660917696185303,3.0587576875488285,100.0,-1.18154870052,-0.0947233135437,0.124635938873,0.109296131012,1.57348079138,0.348980628845,3.06067516353,95.8609237671
2.224636,-0.6070728961120606,0.23354857468872073,-0.028378644543457034,1.1443496664550783,3.0595246779418948,1.660917696185303,3.0587576875488285,100.0,-1.18154870052,-0.0951068087402,0.121567977301,0.108145645422,1.57501477216,0.349747619238,3.05990817314,95.8609237671
2.234489,-0.6070728961120606,0.23354857468872073,-0.028378644543457034,1.1443496664550783,3.0595246779418948,1.660917696185303,3.0587576875488285,100.0,-1.18154870052,-0.0954903039368,0.118116520532,0.108529140619,1.57578176255,0.350898104828,3.05952467794,95.8609237671
2.244020,-0.6070728961120606,0.23354857468872073,-0.028378644543457034,1.1443496664550783,3.0595246779418948,1.660917696185303,3.0587576875488285,100.0,-1.18154870052,-0.0954903039368,0.118116520532,0.108529140619,1.57578176255,0.350898104828,3.05952467794,95.8609237671
2.254237,-0.6070728961120606,0.23354857468872073,-0.028378644543457034,1.1443496664550783,3.0595246779418948,1.660917696185303,3.0587576875488285,100.0,-1.18154870052,-0.0947233135437,0.112747587781,0.108145645422,1.57731574334,0.352815580811,3.05990817314,95.8609237671
2.263374,-0.6070728961120606,0.23354857468872073,-0.028378644543457034,1.1443496664550783,3.0595246779418948,1.660917696185303,3.0587576875488285,100.0,-1.18154870052,-0.0947233135437,0.112747587781,0.108145645422,1.57731574334,0.352815580811,3.05990817314,95.8609237671
2.273456,-0.6070728961120606,0.23354857468872073,-0.028378644543457034,1.1443496664550783,3.0595246779418948,1.660917696185303,3.0587576875488285,100.0,-1.18116520532,-0.0951068087402,0.110063121405,0.108529140619,1.57884972413,0.353199076007,3.06029166833,95.8609237671
2.283612,-0.6070728961120606,0.23354857468872073,-0.028378644543457034,1.1443496664550783,3.0595246779418948,1.660917696185303,3.0587576875488285,100.0,-1.18154870052,-0.0951068087402,0.108912635815,0.109679626208,1.58038370491,0.3539660664,3.05990817314,95.8609237671
2.294153,-0.6070728961120606,0.23354857468872073,-0.028378644543457034,1.1443496664550783,3.0595246779418948,1.660917696185303,3.0587576875488285,100.0,-1.18154870052,-0.0951068087402,0.107378655029,0.110446616602,1.58115069531,0.357034027972,3.06029166833,95.8609237671
2.303333,-0.6070728961120606,0.23354857468872073,-0.028378644543457034,1.1443496664550783,3.0595246779418948,1.660917696185303,3.0587576875488285,100.0,-1.18116520532,-0.0939563231506,0.10622816944,0.110446616602,1.5823011809,0.358184513562,3.06029166833,95.8609237671
2.314039,-0.6070728961120606,0.23354857468872073,-0.028378644543457034,1.1443496664550783,3.0595246779418948,1.660917696185303,3.0587576875488285,100.0,-1.18193219572,-0.0943398183472,0.105461179047,0.110446616602,1.58268467609,0.360101989545,3.06029166833,95.8609237671
2.323926,-0.6070728961120606,0.23354857468872073,-0.028378644543457034,1.1443496664550783,3.0595246779418948,1.660917696185303,3.0587576875488285,100.0,-1.18116520532,-0.0943398183472,0.102393217474,0.111597102191,1.58421865688,0.362402960724,3.06067516353,95.8609237671
2.333269,-0.6070728961120606,0.23354857468872073,-0.028378644543457034,1.1443496664550783,3.0595246779418948,1.660917696185303,3.0587576875488285,100.0,-1.18116520532,-0.0943398183472,0.102393217474,0.111597102191,1.58421865688,0.362402960724,3.06067516353,95.8609237671
2.344236,-0.6070728961120606,0.23354857468872073,-0.028378644543457034,1.1443496664550783,3.0595246779418948,1.660917696185303,3.0587576875488285,100.0,-1.18039821493,-0.0935728279541,0.100859236688,0.111213606995,1.58421865688,0.363169951117,3.06029166833,95.8609237671
2.353106,-0.6070728961120606,0.23354857468872073,-0.028378644543457034,1.1443496664550783,3.0595246779418948,1.660917696185303,3.0587576875488285,100.0,-1.18039821493,-0.0935728279541,0.100859236688,0.111213606995,1.58421865688,0.363169951117,3.06029166833,95.8609237671
2.364550,-0.6070728961120606,0.23354857468872073,-0.028378644543457034,1.1443496664550783,3.0595246779418948,1.660917696185303,3.0587576875488285,100.0,-1.18116520532,-0.092805837561,0.100475741492,0.111597102191,1.58421865688,0.362402960724,3.05990817314,95.8609237671
2.374303,-0.6070728961120606,0.23354857468872073,-0.028378644543457034,1.1443496664550783,3.0595246779418948,1.660917696185303,3.0587576875488285,100.0,-1.18001471973,-0.092038847168,0.098558265509,0.110063121405,1.58383516168,0.362402960724,3.06029166833,95.8609237671
2.384258,-0.6070728961120606,0.23354857468872073,-0.028378644543457034,1.1443496664550783,3.0595246779418948,1.660917696185303,3.0587576875488285,100.0,-1.17963122454,-0.092038847168,0.0997087510986,0.111213606995,1.58421865688,0.362019465527,3.05990817314,95.8609237671
2.394343,-0.6070728961120606,0.23354857468872073,-0.028378644543457034,1.1443496664550783,3.0595246779418948,1.660917696185303,3.0587576875488285,100.0,-1.18001471973,-0.0912718567749,0.0993252559021,0.111213606995,1.58383516168,0.361635970331,3.05990817314,95.8609237671
2.404429,-0.6070728961120606,0.23354857468872073,-0.028378644543457034,1.1443496664550783,3.0595246779418948,1.660917696185303,3.0587576875488285,100.0,-1.18001471973,-0.0912718567749,0.0993252559021,0.111213606995,1.58383516168,0.361635970331,3.05990817314,95.8609237671
2.414063,-0.6070728961120606,0.23354857468872073,-0.028378644543457034,1.1443496664550783,3.0595246779418948,1.660917696185303,3.0587576875488285,100.0,-1.18001471973,-0.0912718567749,0.0989417607056,0.110830111798,1.58421865688,0.361635970331,3.05990817314,95.8609237671
2.424532,-0.6070728961120606,0.23354857468872073,-0.028378644543457034,1.1443496664550783,3.0595246779418948,1.660917696185303,3.0587576875488285,100.0,-1.17963122454,-0.0905048663818,0.0993252559021,0.111213606995,1.58306817129,0.360868979938,3.06029166833,95.8609237671
2.434135,-0.6070728961120606,0.23354857468872073,-0.028378644543457034,1.1443496664550783,3.0595246779418948,1.660917696185303,3.0587576875488285,100.0,-1.17963122454,-0.0905048663818,0.0993252559021,0.111213606995,1.58306817129,0.360868979938,3.06029166833,95.8609237671
2.444707,-0.6070728961120606,0.23354857468872073,-0.028378644543457034,1.1443496664550783,3.0595246779418948,1.660917696185303,3.0587576875488285,100.0,-1.17924772934,-0.0905048663818,0.0993252559021,0.110446616602,1.58345166649,0.360101989545,3.05952467794,95.8609237671
2.453742,-0.6070728961120606,0.23354857468872073,-0.028378644543457034,1.1443496664550783,3.0595246779418948,1.660917696185303,3.0587576875488285,100.0,-1.17924772934,-0.0905048663818,0.0993252559021,0.110446616602,1.58345166649,0.360101989545,3.05952467794,95.8609237671
2.464432,-0.6070728961120606,0.23354857468872073,-0.028378644543457034,1.1443496664550783,3.0595246779418948,1.660917696185303,3.0587576875488285,100.0,-1.17886423414,-0.0897378759888,0.0993252559021,0.111213606995,1.58421865688,0.358568008759,3.06067516353,95.8609237671
2.473176,-0.6070728961120606,0.23354857468872073,-0.028378644543457034,1.1443496664550783,3.0595246779418948,1.660917696185303,3.0587576875488285,100.0,-1.17848073895,-0.0897378759888,0.0989417607056,0.110830111798,1.58383516168,0.358184513562,3.06029166833,95.8609237671
2.483172,-0.6070728961120606,0.23354857468872073,-0.028378644543457034,1.1443496664550783,3.0595246779418948,1.660917696185303,3.0587576875488285,100.0,-1.17809724375,-0.0897378759888,0.0989417607056,0.110830111798,1.58421865688,0.357417523169,3.05990817314,95.8609237671
2.493585,-0.6070728961120606,0.23354857468872073,-0.028378644543457034,1.1443496664550783,3.0595246779418948,1.660917696185303,3.0587576875488285,100.0,-1.17809724375,-0.0889708855957,0.0993252559021,0.110830111798,1.58383516168,0.357034027972,3.05952467794,95.8609237671
2.504823,-0.6070728961120606,0.23354857468872073,-0.028378644543457034,1.1443496664550783,3.0595246779418948,1.660917696185303,3.0587576875488285,100.0,-1.17809724375,-0.0885873903992,0.0989417607056,0.111213606995,1.58383516168,0.355500047186,3.06067516353,95.8609237671
2.513751,-0.6070728961120606,0.23354857468872073,-0.028378644543457034,1.1443496664550783,3.0595246779418948,1.660917696185303,3.0587576875488285,100.0,-1.17809724375,-0.0885873903992,0.0989417607056,0.111213606995,1.58383516168,0.355500047186,3.06067516353,95.8609237671
2.524211,-0.6070728961120606,0.23354857468872073,-0.028378644543457034,1.1443496664550783,3.0595246779418948,1.660917696185303,3.0587576875488285,100.0,-1.17771374855,-0.0882038952026,0.0993252559021,0.110446616602,1.58383516168,0.353199076007,3.05990817314,95.8609237671
2.534622,-0.6070728961120606,0.23354857468872073,-0.028378644543457034,1.1443496664550783,3.0595246779418948,1.660917696185303,3.0587576875488285,100.0,-1.17809724375,-0.0885873903992,0.0989417607056,0.110446616602,1.58421865688,0.352432085614,3.06029166833,95.8609237671
2.544200,-0.6070728961120606,0.23354857468872073,-0.028378644543457034,1.1443496664550783,3.0595246779418948,1.660917696185303,3.0587576875488285,100.0,-1.17809724375,-0.0878204000061,0.0993252559021,0.110446616602,1.58383516168,0.350898104828,3.05990817314,95.8609237671
2.553211,-0.6070728961120606,0.23354857468872073,-0.028378644543457034,1.1443496664550783,3.0595246779418948,1.660917696185303,3.0587576875488285,100.0,-1.17809724375,-0.0878204000061,0.0993252559021,0.110446616602,1.58383516168,0.350898104828,3.05990817314,95.8609237671
2.563341,-0.6070728961120606,0.23354857468872073,-0.028378644543457034,1.1443496664550783,3.0595246779418948,1.660917696185303,3.0587576875488285,100.0,-1.17771374855,-0.0878204000061,0.0981747703125,0.110830111798,1.58383516168,0.350898104828,3.05990817314,95.8609237671
2.574318,-0.6070728961120606,0.23354857468872073,-0.028378644543457034,1.1443496664550783,3.0595246779418948,1.660917696185303,3.0587576875488285,100.0,-1.17771374855,-0.0874369048096,0.0989417607056,0.110830111798,1.58345166649,0.350131114435,3.06029166833,95.8609237671
2.583598,-0.6070728961120606,0.23354857468872073,-0.028378644543457034,1.1443496664550783,3.0595246779418948,1.660917696185303,3.0587576875488285,100.0,-1.17733025336,-0.0874369048096,0.0989417607056,0.109679626208,1.58460215208,0.349364124042,3.05990817314,95.8609237671
2.593105,-0.6070728961120606,0.23354857468872073,-0.028378644543457034,1.1443496664550783,3.0595246779418948,1.660917696185303,3.0587576875488285,100.0,-1.17771374855,-0.0878204000061,0.098558265509,0.109679626208,1.58383516168,0.348597133649,3.06029166833,95.8609237671
2.603670,-0.6070728961120606,0.23354857468872073,-0.028378644543457034,1.1443496664550783,3.0595246779418948,1.660917696185303,3.0587576875488285,100.0,-1.17733025336,-0.0866699144165,0.098558265509,0.110446616602,1.58383516168,0.348597133649,3.06029166833,95.8609237671
2.613574,-0.6070728961120606,0.23354857468872073,-0.028378644543457034,1.1443496664550783,3.0595246779418948,1.660917696185303,3.0587576875488285,100.0,-1.17771374855,-0.0874369048096,0.0989417607056,0.111213606995,1.58306817129,0.348597133649,3.06105865873,95.8609237671
2.624398,-0.6070728961120606,0.23354857468872073,-0.028378644543457034,1.1443496664550783,3.0595246779418948,1.660917696185303,3.0587576875488285,100.0,-1.17694675816,-0.0866699144165,0.098558265509,0.110446616602,1.58383516168,0.348213638452,3.06029166833,95.8609237671
2.634307,-0.6070728961120606,0.23354857468872073,-0.028378644543457034,1.1443496664550783,3.0595246779418948,1.660917696185303,3.0587576875488285,100.0,-1.17733025336,-0.08628641922,0.0993252559021,0.110446616602,1.58421865688,0.348980628845,3.06029166833,95.8609237671
2.644092,-0.6070728961120606,0.23354857468872073,-0.028378644543457034,1.1443496664550783,3.0595246779418948,1.660917696185303,3.0587576875488285,100.0,-1.17733025336,-0.08628641922,0.0993252559021,0.110446616602,1.58421865688,0.348980628845,3.06029166833,95.8609237671
2.654199,-0.6070728961120606,0.23354857468872073,-0.028378644543457034,1.1443496664550783,3.0595246779418948,1.660917696185303,3.0587576875488285,100.0,-1.17733025336,-0.0866699144165,0.0989417607056,0.110830111798,1.58383516168,0.348980628845,3.06029166833,95.8609237671
2.664300,-0.6070728961120606,0.23354857468872073,-0.028378644543457034,1.1443496664550783,3.0595246779418948,1.660917696185303,3.0587576875488285,100.0,-1.17771374855,-0.0866699144165,0.0993252559021,0.110830111798,1.58306817129,0.349364124042,3.05952467794,95.8609237671
2.674096,-0.6070728961120606,0.23354857468872073,-0.028378644543457034,1.1443496664550783,3.0595246779418948,1.660917696185303,3.0587576875488285,100.0,-1.17694675816,-0.0855194288269,0.098558265509,0.110446616602,1.58383516168,0.348980628845,3.06029166833,95.8609237671
2.683369,-0.6070728961120606,0.23354857468872073,-0.028378644543457034,1.1443496664550783,3.0595246779418948,1.660917696185303,3.0587576875488285,100.0,-1.17694675816,-0.0855194288269,0.098558265509,0.110446616602,1.58383516168,0.348980628845,3.06029166833,95.8609237671
2.694499,-0.6070728961120606,0.23354857468872073,-0.028378644543457034,1.1443496664550783,3.0595246779418948,1.660917696185303,3.0587576875488285,100.0,-1.17733025336,-0.0855194288269,0.0981747703125,0.110446616602,1.58421865688,0.349364124042,3.06029166833,95.8609237671
2.703720,-0.6070728961120606,0.23354857468872073,-0.028378644543457034,1.1443496664550783,3.0595246779418948,1.660917696185303,3.0587576875488285,100.0,-1.17733025336,-0.0855194288269,0.0981747703125,0.110446616602,1.58421865688,0.349364124042,3.06029166833,95.8609237671
2.713236,-0.6070728961120606,0.23354857468872073,-0.028378644543457034,1.1443496664550783,3.0595246779418948,1.660917696185303,3.0587576875488285,100.0,-1.17809724375,-0.0847524384338,0.0981747703125,0.110446616602,1.58460215208,0.348213638452,3.06029166833,95.8609237671
2.723534,-0.6070728961120606,0.23354857468872073,-0.028378644543457034,1.1443496664550783,3.0595246779418948,1.660917696185303,3.0587576875488285,100.0,-1.17733025336,-0.0839854480408,0.0989417607056,0.109679626208,1.58421865688,0.349364124042,3.05990817314,95.8609237671
2.734232,-0.6070728961120606,0.23354857468872073,-0.028378644543457034,1.1443496664550783,3.0595246779418948,1.660917696185303,3.0587576875488285,100.0,-1.17771374855,-0.0843689432373,0.0981747703125,0.111213606995,1.58383516168,0.349364124042,3.05990817314,95.8609237671
2.743350,-0.6070728961120606,0.23354857468872073,-0.028378644543457034,1.1443496664550783,3.0595246779418948,1.660917696185303,3.0587576875488285,100.0,-1.17771374855,-0.0843689432373,0.0981747703125,0.111213606995,1.58383516168,0.349364124042,3.05990817314,95.8609237671
2.754373,-0.6070728961120606,0.23354857468872073,-0.028378644543457034,1.1443496664550783,3.0595246779418948,1.660917696185303,3.0587576875488285,100.0,-1.17694675816,-0.0839854480408,0.097791275116,0.110830111798,1.58383516168,0.350131114435,3.05952467794,95.8609237671
2.764970,-0.6070728961120606,0.23354857468872073,-0.028378644543457034,1.1443496664550783,3.0595246779418948,1.660917696185303,3.0587576875488285,100.0,-1.17733025336,-0.0839854480408,0.0966407895264,0.110446616602,1.58345166649,0.350898104828,3.06029166833,95.8609237671
2.774135,-0.6070728961120606,0.23354857468872073,-0.028378644543457034,1.1443496664550783,3.0595246779418948,1.660917696185303,3.0587576875488285,100.0,-1.17733025336,-0.0839854480408,0.0966407895264,0.110446616602,1.58345166649,0.350898104828,3.06029166833,95.8609237671
2.784354,-0.6070728961120606,0.23354857468872073,-0.028378644543457034,1.1443496664550783,3.0595246779418948,1.660917696185303,3.0587576875488285,100.0,-1.17733025336,-0.0828349624512,0.0958737991333,0.110063121405,1.58383516168,0.351281600024,3.06029166833,95.8609237671
2.793554,-0.6070728961120606,0.23354857468872073,-0.028378644543457034,1.1443496664550783,3.0595246779418948,1.660917696185303,3.0587576875488285,100.0,-1.17733025336,-0.0832184576477,0.0951068087402,0.110446616602,1.58306817129,0.352432085614,3.06067516353,95.8609237671
2.803087,-0.6070728961120606,0.23354857468872073,-0.028378644543457034,1.1443496664550783,3.0595246779418948,1.660917696185303,3.0587576875488285,100.0,-1.17733025336,-0.0832184576477,0.0951068087402,0.110446616602,1.58306817129,0.352432085614,3.06067516353,95.8609237671
2.813626,-0.6070728961120606,0.23354857468872073,-0.028378644543457034,1.1443496664550783,3.0595246779418948,1.660917696185303,3.0587576875488285,100.0,-1.17694675816,-0.0828349624512,0.0935728279541,0.110446616602,1.58345166649,0.352432085614,3.06029166833,95.8609237671
2.824369,-0.6070728961120606,0.23354857468872073,-0.028378644543457034,1.1443496664550783,3.0595246779418948,1.660917696185303,3.0587576875488285,100.0,-1.17694675816,-0.0816844768616,0.092805837561,0.110063121405,1.58345166649,0.3539660664,3.06029166833,95.8609237671
2.834276,-0.6070728961120606,0.23354857468872073,-0.028378644543457034,1.1443496664550783,3.0595246779418948,1.660917696185303,3.0587576875488285,100.0,-1.17733025336,-0.0820679720581,0.092038847168,0.110063121405,1.58345166649,0.3539660664,3.05990817314,95.8609237671
2.843660,-0.6070728961120606,0.23354857468872073,-0.028378644543457034,1.1443496664550783,3.0595246779418948,1.660917696185303,3.0587576875488285,100.0,-1.17617976777,-0.0809174864685,0.0916553519714,0.110063121405,1.58345166649,0.354349561597,3.06067516353,95.8609237671
2.854265,-0.6070728961120606,0.23354857468872073,-0.028378644543457034,1.1443496664550783,3.0595246779418948,1.660917696185303,3.0587576875488285,100.0,-1.17656326296,-0.0809174864685,0.0905048663818,0.110063121405,1.58383516168,0.355500047186,3.05990817314,95.8609237671
2.863666,-0.6070728961120606,0.23354857468872073,-0.028378644543457034,1.1443496664550783,3.0595246779418948,1.660917696185303,3.0587576875488285,100.0,-1.17656326296,-0.0809174864685,0.0905048663818,0.110063121405,1.58383516168,0.355500047186,3.05990817314,95.8609237671
2.873901,-0.6070728961120606,0.23354857468872073,-0.028378644543457034,1.1443496664550783,3.0595246779418948,1.660917696185303,3.0587576875488285,100.0,-1.17656326296,-0.080533991272,0.0908883615784,0.109679626208,1.58460215208,0.355500047186,3.06029166833,95.8609237671
2.883815,-0.6070728961120606,0.23354857468872073,-0.028378644543457034,1.1443496664550783,3.0595246779418948,1.660917696185303,3.0587576875488285,100.0,-1.17694675816,-0.0801504960754,0.0889708855957,0.110446616602,1.58383516168,0.355883542383,3.06029166833,95.8609237671
2.894031,-0.6070728961120606,0.23354857468872073,-0.028378644543457034,1.1443496664550783,3.0595246779418948,1.660917696185303,3.0587576875488285,100.0,-1.17694675816,-0.0797670008789,0.0866699144165,0.110063121405,1.58345166649,0.356650532776,3.05990817314,95.8609237671
2.904146,-0.6070728961120606,0.23354857468872073,-0.028378644543457034,1.1443496664550783,3.0595246779418948,1.660917696185303,3.0587576875488285,100.0,-1.17694675816,-0.0797670008789,0.0866699144165,0.110063121405,1.58345166649,0.356650532776,3.05990817314,95.8609237671
2.913715,-0.6070728961120606,0.23354857468872073,-0.028378644543457034,1.1443496664550783,3.0595246779418948,1.660917696185303,3.0587576875488285,100.0,-1.17694675816,-0.0790000104858,0.0855194288269,0.110446616602,1.58345166649,0.357801018365,3.05990817314,95.8609237671
2.924122,-0.6070728961120606,0.23354857468872073,-0.028378644543457034,1.1443496664550783,3.0595246779418948,1.660917696185303,3.0587576875488285,100.0,-1.17694675816,-0.0782330200928,0.0847524384338,0.109296131012,1.58306817129,0.358568008759,3.06067516353,95.8609237671
2.933348,-0.6070728961120606,0.23354857468872073,-0.028378644543457034,1.1443496664550783,3.0595246779418948,1.660917696185303,3.0587576875488285,100.0,-1.17617976777,-0.0782330200928,0.0832184576477,0.108912635815,1.58383516168,0.359334999152,3.05990817314,95.8609237671
2.944348,-0.6070728961120606,0.23354857468872073,-0.028378644543457034,1.1443496664550783,3.0595246779418948,1.660917696185303,3.0587576875488285,100.0,-1.17733025336,-0.0766990393066,0.0809174864685,0.108912635815,1.58306817129,0.360485484741,3.05990817314,95.8609237671
2.953325,-0.6070728961120606,0.23354857468872073,-0.028378644543457034,1.1443496664550783,3.0595246779418948,1.660917696185303,3.0587576875488285,100.0,-1.17733025336,-0.0766990393066,0.0809174864685,0.108912635815,1.58306817129,0.360485484741,3.05990817314,95.8609237671
2.965095,-0.6070728961120606,0.23354857468872073,-0.028378644543457034,1.1443496664550783,3.0595246779418948,1.660917696185303,3.0587576875488285,100.0,-1.17656326296,-0.0770825345032,0.0801504960754,0.108529140619,1.58345166649,0.360868979938,3.06029166833,95.8609237671
2.974020,-0.6070728961120606,0.23354857468872073,-0.028378644543457034,1.1443496664550783,3.0595246779418948,1.660917696185303,3.0587576875488285,100.0,-1.17617976777,-0.0751650585205,0.0778495248962,0.109296131012,1.58421865688,0.362019465527,3.06029166833,95.8609237671
2.983458,-0.6070728961120606,0.23354857468872073,-0.028378644543457034,1.1443496664550783,3.0595246779418948,1.660917696185303,3.0587576875488285,100.0,-1.17617976777,-0.0751650585205,0.0778495248962,0.109296131012,1.58421865688,0.362019465527,3.06029166833,95.8609237671
2.994253,-0.6070728961120606,0.23354857468872073,-0.028378644543457034,1.1443496664550783,3.0595246779418948,1.660917696185303,3.0587576875488285,100.0,-1.17656326296,-0.0751650585205,0.0751650585205,0.109296131012,1.58345166649,0.36278645592,3.06029166833,95.8609237671
3.004215,-0.6070728961120606,0.23354857468872073,-0.028378644543457034,1.1443496664550783,3.0595246779418948,1.660917696185303,3.0587576875488285,100.0,-1.17656326296,-0.0751650585205,0.0751650585205,0.109296131012,1.58345166649,0.36278645592,3.06029166833,95.8609237671
3.013394,-0.6070728961120606,0.23354857468872073,-0.028378644543457034,1.1443496664550783,3.0595246779418948,1.660917696185303,3.0587576875488285,100.0,-1.17656326296,-0.074781563324,0.0740145729309,0.109679626208,1.58383516168,0.363553446313,3.06029166833,95.8609237671
3.024127,-0.6070728961120606,0.23354857468872073,-0.028378644543457034,1.1443496664550783,3.0595246779418948,1.660917696185303,3.0587576875488285,100.0,-1.17656326296,-0.074781563324,0.0736310777344,0.109296131012,1.58345166649,0.36278645592,3.05990817314,95.8609237671
3.033533,-0.6070728961120606,0.23354857468872073,-0.028378644543457034,1.1443496664550783,3.0595246779418948,1.660917696185303,3.0587576875488285,100.0,-1.17617976777,-0.0743980681274,0.0728640873413,0.109296131012,1.58383516168,0.363169951117,3.06029166833,95.8609237671
3.043831,-0.6070728961120606,0.23354857468872073,-0.028378644543457034,1.1443496664550783,3.0595246779418948,1.660917696185303,3.0587576875488285,100.0,-1.17617976777,-0.0740145729309,0.0717136017517,0.110063121405,1.58383516168,0.362402960724,3.05990817314,95.8609237671
3.054815,-0.6070728961120606,0.23354857468872073,-0.028378644543457034,1.1443496664550783,3.0595246779418948,1.660917696185303,3.0587576875488285,100.0,-1.17541277737,-0.0728640873413,0.0709466113586,0.109679626208,1.58383516168,0.362019465527,3.06029166833,95.8609237671
3.063359,-0.6070728961120606,0.23354857468872073,-0.028378644543457034,1.1443496664550783,3.0595246779418948,1.660917696185303,3.0587576875488285,100.0,-1.17541277737,-0.0728640873413,0.0709466113586,0.109679626208,1.58383516168,0.362019465527,3.06029166833,95.8609237671
3.073338,-0.6070728961120606,0.23354857468872073,-0.028378644543457034,1.1443496664550783,3.0595246779418948,1.660917696185303,3.0587576875488285,100.0,-1.17617976777,-0.0732475825378,0.0709466113586,0.110063121405,1.58345166649,0.361635970331,3.06029166833,95.8609237671
3.083590,-0.6070728961120606,0.23354857468872073,-0.028378644543457034,1.1443496664550783,3.0595246779418948,1.660917696185303,3.0587576875488285,100.0,-1.17656326296,-0.0732475825378,0.069796125769,0.110063121405,1.58383516168,0.361252475134,3.05990817314,95.8609237671
3.093401,-0.6070728961120606,0.23354857468872073,-0.028378644543457034,1.1443496664550783,3.0595246779418948,1.660917696185303,3.0587576875488285,100.0,-1.17656326296,-0.0732475825378,0.069796125769,0.110063121405,1.58383516168,0.361252475134,3.05990817314,95.8609237671
3.103065,-0.6070728961120606,0.23354857468872073,-0.028378644543457034,1.1443496664550783,3.0595246779418948,1.660917696185303,3.0587576875488285,100.0,-1.17617976777,-0.0724805921448,0.0709466113586,0.110063121405,1.58306817129,0.362019465527,3.05990817314,95.8609237671
3.113655,-0.6070728961120606,0.23354857468872073,-0.028378644543457034,1.1443496664550783,3.0595246779418948,1.660917696185303,3.0587576875488285,100.0,-1.17502928218,-0.0724805921448,0.0694126305725,0.109679626208,1.58383516168,0.361252475134,3.06029166833,95.8609237671
3.123439,-0.6070728961120606,0.23354857468872073,-0.028378644543457034,1.1443496664550783,3.0595246779418948,1.660917696185303,3.0587576875488285,100.0,-1.17579627257,-0.0717136017517,0.0705631161621,0.109296131012,1.58421865688,0.360868979938,3.06029166833,95.8609237671